  0.0000    1    2.000   1.0000             A
  2.0000    1    2.000   1.0000             A
  4.0000    1    2.000   1.0000             A
  6.0000    0    2.000   1.0000          NULL 
  8.0000    1    2.000   1.0000             A
 10.0000    0    1.000   1.0000          NULL 
 11.0000    1    2.000   1.0000             A
 13.0000    0    1.000   1.0000          NULL 
 14.0000    2    4.000   1.0000             B
 18.0000    1    2.000   1.0000             A
 20.0000    1    2.000   1.0000             A
 22.0000    1    2.000   1.0000             A
 24.0000    0    2.000   1.0000          NULL 
 26.0000    1    2.000   1.0000             A
 28.0000    2    4.000   1.0000             B
 32.0000    3    6.000   1.0000             C
 38.0000    0    1.000   1.0000          NULL 
 39.0000    3    6.000   1.0000             C
 45.0000    0    1.000   1.0000          NULL 
 46.0000    2    4.000   1.0000             B
 50.0000    0    2.000   1.0000          NULL 
 52.0000    1    2.000   1.0000             A
 54.0000    0    1.000   1.0000          NULL 
 55.0000    2    4.000   1.0000             B
 59.0000    0    2.000   1.0000          NULL 
 61.0000    1    2.000   1.0000             A
 63.0000    1    2.000   1.0000             A
 65.0000    0    7.000   1.0000          NULL 
 72.0000    1    2.000   1.0000             A
 74.0000    0    4.000   1.0000          NULL 
 78.0000    1    2.000   1.0000             A
 80.0000    2    4.000   1.0000             B
 84.0000    0    1.000   1.0000          NULL 
 85.0000    1    2.000   1.0000             A
 87.0000    1    2.000   1.0000             A
 89.0000    2    4.000   1.0000             B
 93.0000    3    6.000   1.0000             C
 99.0000    0    4.000   1.0000          NULL 
103.0000    1    2.000   1.0000             A
105.0000    0   10.000   1.0000          NULL 
115.0000    1    2.000   1.0000             A
117.0000    0    1.000   1.0000          NULL 
118.0000    1    2.000   1.0000             A
120.0000    0    1.000   1.0000          NULL 
121.0000    2    4.000   1.0000             B
125.0000    1    2.000   1.0000             A
127.0000    0    7.000   1.0000          NULL 
134.0000    1    2.000   1.0000             A
136.0000    0    3.000   1.0000          NULL 
139.0000    1    2.000   1.0000             A
141.0000    0    2.000   1.0000          NULL 
143.0000    2    4.000   1.0000             B
147.0000    0    1.000   1.0000          NULL 
148.0000    3    6.000   1.0000             C
154.0000    0    4.000   1.0000          NULL 
158.0000    1    2.000   1.0000             A
160.0000    0    3.000   1.0000          NULL 
163.0000    2    4.000   1.0000             B
167.0000    1    2.000   1.0000             A
169.0000    2    4.000   1.0000             B
173.0000    0    3.000   1.0000          NULL 
176.0000    3    6.000   1.0000             C
182.0000    0    6.000   1.0000          NULL 
188.0000    2    4.000   1.0000             B
192.0000    2    4.000   1.0000             B
196.0000    0    1.000   1.0000          NULL 
197.0000    3    6.000   1.0000             C
203.0000    3    6.000   1.0000             C
209.0000    0    5.000   1.0000          NULL 
214.0000    3    6.000   1.0000             C
220.0000    0    1.000   1.0000          NULL 
221.0000    1    2.000   1.0000             A
223.0000    3    6.000   1.0000             C
229.0000    2    4.000   1.0000             B
233.0000    2    4.000   1.0000             B
237.0000    0    1.000   1.0000          NULL 
238.0000    3    6.000   1.0000             C
244.0000    3    6.000   1.0000             C
250.0000    1    2.000   1.0000             A
252.0000    0    5.000   1.0000          NULL 
257.0000    3    6.000   1.0000             C
263.0000    0    1.000   1.0000          NULL 
264.0000    3    6.000   1.0000             C
270.0000    3    6.000   1.0000             C
276.0000    0    8.000   1.0000          NULL 
284.0000    1    2.000   1.0000             A
286.0000    1    2.000   1.0000             A
288.0000    2    4.000   1.0000             B
292.0000    0    1.000   1.0000          NULL 
293.0000    1    2.000   1.0000             A
295.0000    0    4.000   1.0000          NULL 
299.0000    2    4.000   1.0000             B
303.0000    0    1.000   1.0000          NULL 
304.0000    3    6.000   1.0000             C
310.0000    0    3.000   1.0000          NULL 
313.0000    1    2.000   1.0000             A
315.0000    0    1.000   1.0000          NULL 
316.0000    3    6.000   1.0000             C
322.0000    2    4.000   1.0000             B
326.0000    0    1.000   1.0000          NULL 
327.0000    3    6.000   1.0000             C
333.0000    3    6.000   1.0000             C
339.0000    3    6.000   1.0000             C
345.0000    1    2.000   1.0000             A
347.0000    3    6.000   1.0000             C
353.0000    1    2.000   1.0000             A
355.0000    0    3.000   1.0000          NULL 
358.0000    1    2.000   1.0000             A
360.0000    0    7.000   1.0000          NULL 
367.0000    2    4.000   1.0000             B
371.0000    0    3.000   1.0000          NULL 
374.0000    1    2.000   1.0000             A
376.0000    0    1.000   1.0000          NULL 
377.0000    3    6.000   1.0000             C
383.0000    0    1.000   1.0000          NULL 
384.0000    1    2.000   1.0000             A
386.0000    3    6.000   1.0000             C
392.0000    1    2.000   1.0000             A
394.0000    0    4.000   1.0000          NULL 
398.0000    3    6.000   1.0000             C
404.0000    0    2.000   1.0000          NULL 
406.0000    3    6.000   1.0000             C
412.0000    0    2.000   1.0000          NULL 
414.0000    3    6.000   1.0000             C
420.0000    0    5.000   1.0000          NULL 
425.0000    3    6.000   1.0000             C
431.0000    0    1.000   1.0000          NULL 
432.0000    1    2.000   1.0000             A
434.0000    2    4.000   1.0000             B
438.0000    0    1.000   1.0000          NULL 
439.0000    2    4.000   1.0000             B
443.0000    3    6.000   1.0000             C
449.0000    3    6.000   1.0000             C
455.0000    0    2.000   1.0000          NULL 
457.0000    1    2.000   1.0000             A
459.0000    3    6.000   1.0000             C
465.0000    1    2.000   1.0000             A
467.0000    0    4.000   1.0000          NULL 
471.0000    3    6.000   1.0000             C
477.0000    1    2.000   1.0000             A
479.0000    0    1.000   1.0000          NULL 
