  0.0000    2    4.000   1.0000             B
  4.0000    1    2.000   1.0000             A
  6.0000    2    4.000   1.0000             B
 10.0000    2    4.000   1.0000             B
 14.0000    1    2.000   1.0000             A
 16.0000    0    2.000   1.0000          NULL 
 18.0000    3    6.000   1.0000             C
 24.0000    2    4.000   1.0000             B
 28.0000    0    4.000   1.0000          NULL 
 32.0000    2    4.000   1.0000             B
 36.0000    0    1.000   1.0000          NULL 
 37.0000    2    4.000   1.0000             B
 41.0000    0    1.000   1.0000          NULL 
 42.0000    2    4.000   1.0000             B
 46.0000    3    6.000   1.0000             C
 52.0000    3    6.000   1.0000             C
 58.0000    0    4.000   1.0000          NULL 
 62.0000    3    6.000   1.0000             C
 68.0000    0    2.000   1.0000          NULL 
 70.0000    1    2.000   1.0000             A
 72.0000    0    1.000   1.0000          NULL 
 73.0000    1    2.000   1.0000             A
 75.0000    3    6.000   1.0000             C
 81.0000    0    2.000   1.0000          NULL 
 83.0000    1    2.000   1.0000             A
 85.0000    1    2.000   1.0000             A
 87.0000    2    4.000   1.0000             B
 91.0000    0    1.000   1.0000          NULL 
 92.0000    1    2.000   1.0000             A
 94.0000    1    2.000   1.0000             A
 96.0000    0    2.000   1.0000          NULL 
 98.0000    2    4.000   1.0000             B
102.0000    0    2.000   1.0000          NULL 
104.0000    3    6.000   1.0000             C
110.0000    1    2.000   1.0000             A
112.0000    1    2.000   1.0000             A
114.0000    3    6.000   1.0000             C
120.0000    0    7.000   1.0000          NULL 
127.0000    1    2.000   1.0000             A
129.0000    0    1.000   1.0000          NULL 
130.0000    1    2.000   1.0000             A
132.0000    1    2.000   1.0000             A
134.0000    0    6.000   1.0000          NULL 
140.0000    2    4.000   1.0000             B
144.0000    1    2.000   1.0000             A
146.0000    0    1.000   1.0000          NULL 
147.0000    1    2.000   1.0000             A
149.0000    0    4.000   1.0000          NULL 
153.0000    1    2.000   1.0000             A
155.0000    0    2.000   1.0000          NULL 
157.0000    2    4.000   1.0000             B
161.0000    1    2.000   1.0000             A
163.0000    0    3.000   1.0000          NULL 
166.0000    1    2.000   1.0000             A
168.0000    3    6.000   1.0000             C
174.0000    0    4.000   1.0000          NULL 
178.0000    3    6.000   1.0000             C
184.0000    0    2.000   1.0000          NULL 
186.0000    1    2.000   1.0000             A
188.0000    1    2.000   1.0000             A
190.0000    1    2.000   1.0000             A
192.0000    3    6.000   1.0000             C
198.0000    0    3.000   1.0000          NULL 
201.0000    3    6.000   1.0000             C
207.0000    3    6.000   1.0000             C
213.0000    0    7.000   1.0000          NULL 
220.0000    2    4.000   1.0000             B
224.0000    3    6.000   1.0000             C
230.0000    1    2.000   1.0000             A
232.0000    0    1.000   1.0000          NULL 
233.0000    1    2.000   1.0000             A
235.0000    0    2.000   1.0000          NULL 
237.0000    1    2.000   1.0000             A
239.0000    2    4.000   1.0000             B
243.0000    2    4.000   1.0000             B
247.0000    0    1.000   1.0000          NULL 
248.0000    1    2.000   1.0000             A
250.0000    0    1.000   1.0000          NULL 
251.0000    2    4.000   1.0000             B
255.0000    1    2.000   1.0000             A
257.0000    0    1.000   1.0000          NULL 
258.0000    2    4.000   1.0000             B
262.0000    0    8.000   1.0000          NULL 
270.0000    1    2.000   1.0000             A
272.0000    0    3.000   1.0000          NULL 
275.0000    1    2.000   1.0000             A
277.0000    0    1.000   1.0000          NULL 
278.0000    3    6.000   1.0000             C
284.0000    0    1.000   1.0000          NULL 
285.0000    1    2.000   1.0000             A
287.0000    0    1.000   1.0000          NULL 
288.0000    3    6.000   1.0000             C
294.0000    0   11.000   1.0000          NULL 
305.0000    3    6.000   1.0000             C
311.0000    2    4.000   1.0000             B
315.0000    0    2.000   1.0000          NULL 
317.0000    2    4.000   1.0000             B
321.0000    2    4.000   1.0000             B
325.0000    3    6.000   1.0000             C
331.0000    0    2.000   1.0000          NULL 
333.0000    3    6.000   1.0000             C
339.0000    3    6.000   1.0000             C
345.0000    1    2.000   1.0000             A
347.0000    0    3.000   1.0000          NULL 
350.0000    2    4.000   1.0000             B
354.0000    0    2.000   1.0000          NULL 
356.0000    3    6.000   1.0000             C
362.0000    3    6.000   1.0000             C
368.0000    0    1.000   1.0000          NULL 
369.0000    3    6.000   1.0000             C
375.0000    0    2.000   1.0000          NULL 
377.0000    1    2.000   1.0000             A
379.0000    3    6.000   1.0000             C
385.0000    0    3.000   1.0000          NULL 
388.0000    1    2.000   1.0000             A
390.0000    3    6.000   1.0000             C
396.0000    1    2.000   1.0000             A
398.0000    0    6.000   1.0000          NULL 
404.0000    1    2.000   1.0000             A
406.0000    3    6.000   1.0000             C
412.0000    0    2.000   1.0000          NULL 
414.0000    3    6.000   1.0000             C
420.0000    0    1.000   1.0000          NULL 
421.0000    3    6.000   1.0000             C
427.0000    0    2.000   1.0000          NULL 
429.0000    1    2.000   1.0000             A
431.0000    0    5.000   1.0000          NULL 
436.0000    1    2.000   1.0000             A
438.0000    0    7.000   1.0000          NULL 
445.0000    1    2.000   1.0000             A
447.0000    1    2.000   1.0000             A
449.0000    1    2.000   1.0000             A
451.0000    0    5.000   1.0000          NULL 
456.0000    3    6.000   1.0000             C
462.0000    0    2.000   1.0000          NULL 
464.0000    1    2.000   1.0000             A
466.0000    0    1.000   1.0000          NULL 
467.0000    3    6.000   1.0000             C
473.0000    0    1.000   1.0000          NULL 
474.0000    3    6.000   1.0000             C
