  0.0000    2    4.000   1.0000             B
  4.0000    1    2.000   1.0000             A
  6.0000    3    6.000   1.0000             C
 12.0000    0    3.000   1.0000          NULL 
 15.0000    3    6.000   1.0000             C
 21.0000    3    6.000   1.0000             C
 27.0000    0    1.000   1.0000          NULL 
 28.0000    3    6.000   1.0000             C
 34.0000    0    3.000   1.0000          NULL 
 37.0000    2    4.000   1.0000             B
 41.0000    1    2.000   1.0000             A
 43.0000    1    2.000   1.0000             A
 45.0000    1    2.000   1.0000             A
 47.0000    2    4.000   1.0000             B
 51.0000    1    2.000   1.0000             A
 53.0000    0    1.000   1.0000          NULL 
 54.0000    3    6.000   1.0000             C
 60.0000    0    5.000   1.0000          NULL 
 65.0000    1    2.000   1.0000             A
 67.0000    0    4.000   1.0000          NULL 
 71.0000    3    6.000   1.0000             C
 77.0000    0    1.000   1.0000          NULL 
 78.0000    1    2.000   1.0000             A
 80.0000    0    3.000   1.0000          NULL 
 83.0000    1    2.000   1.0000             A
 85.0000    1    2.000   1.0000             A
 87.0000    0    2.000   1.0000          NULL 
 89.0000    1    2.000   1.0000             A
 91.0000    1    2.000   1.0000             A
 93.0000    0    1.000   1.0000          NULL 
 94.0000    3    6.000   1.0000             C
100.0000    2    4.000   1.0000             B
104.0000    0    1.000   1.0000          NULL 
105.0000    3    6.000   1.0000             C
111.0000    0    7.000   1.0000          NULL 
118.0000    1    2.000   1.0000             A
120.0000    1    2.000   1.0000             A
122.0000    0    6.000   1.0000          NULL 
128.0000    3    6.000   1.0000             C
134.0000    3    6.000   1.0000             C
140.0000    1    2.000   1.0000             A
142.0000    0    4.000   1.0000          NULL 
146.0000    3    6.000   1.0000             C
152.0000    2    4.000   1.0000             B
156.0000    0    5.000   1.0000          NULL 
161.0000    1    2.000   1.0000             A
163.0000    0    1.000   1.0000          NULL 
164.0000    3    6.000   1.0000             C
170.0000    3    6.000   1.0000             C
176.0000    0    1.000   1.0000          NULL 
177.0000    2    4.000   1.0000             B
181.0000    0    1.000   1.0000          NULL 
182.0000    1    2.000   1.0000             A
184.0000    0    4.000   1.0000          NULL 
188.0000    1    2.000   1.0000             A
190.0000    2    4.000   1.0000             B
194.0000    0    1.000   1.0000          NULL 
195.0000    3    6.000   1.0000             C
201.0000    0    1.000   1.0000          NULL 
202.0000    2    4.000   1.0000             B
206.0000    0    3.000   1.0000          NULL 
209.0000    2    4.000   1.0000             B
213.0000    1    2.000   1.0000             A
215.0000    1    2.000   1.0000             A
217.0000    0    2.000   1.0000          NULL 
219.0000    1    2.000   1.0000             A
221.0000    3    6.000   1.0000             C
227.0000    3    6.000   1.0000             C
233.0000    0    1.000   1.0000          NULL 
234.0000    1    2.000   1.0000             A
236.0000    0    1.000   1.0000          NULL 
237.0000    1    2.000   1.0000             A
239.0000    0    2.000   1.0000          NULL 
241.0000    2    4.000   1.0000             B
245.0000    0    4.000   1.0000          NULL 
249.0000    1    2.000   1.0000             A
251.0000    0    1.000   1.0000          NULL 
252.0000    1    2.000   1.0000             A
254.0000    0    5.000   1.0000          NULL 
259.0000    2    4.000   1.0000             B
263.0000    0    4.000   1.0000          NULL 
267.0000    3    6.000   1.0000             C
273.0000    0    2.000   1.0000          NULL 
275.0000    3    6.000   1.0000             C
281.0000    0    1.000   1.0000          NULL 
282.0000    3    6.000   1.0000             C
288.0000    0    1.000   1.0000          NULL 
289.0000    3    6.000   1.0000             C
295.0000    0    2.000   1.0000          NULL 
297.0000    1    2.000   1.0000             A
299.0000    3    6.000   1.0000             C
305.0000    1    2.000   1.0000             A
307.0000    0    1.000   1.0000          NULL 
308.0000    1    2.000   1.0000             A
310.0000    0    3.000   1.0000          NULL 
313.0000    1    2.000   1.0000             A
315.0000    0    4.000   1.0000          NULL 
319.0000    1    2.000   1.0000             A
321.0000    3    6.000   1.0000             C
327.0000    0    1.000   1.0000          NULL 
328.0000    3    6.000   1.0000             C
334.0000    0    3.000   1.0000          NULL 
337.0000    1    2.000   1.0000             A
339.0000    0    2.000   1.0000          NULL 
341.0000    2    4.000   1.0000             B
345.0000    2    4.000   1.0000             B
349.0000    0    1.000   1.0000          NULL 
350.0000    1    2.000   1.0000             A
352.0000    2    4.000   1.0000             B
356.0000    0    4.000   1.0000          NULL 
360.0000    2    4.000   1.0000             B
364.0000    2    4.000   1.0000             B
368.0000    1    2.000   1.0000             A
370.0000    0    4.000   1.0000          NULL 
374.0000    3    6.000   1.0000             C
380.0000    1    2.000   1.0000             A
382.0000    0    1.000   1.0000          NULL 
383.0000    1    2.000   1.0000             A
385.0000    3    6.000   1.0000             C
391.0000    3    6.000   1.0000             C
397.0000    0    1.000   1.0000          NULL 
398.0000    3    6.000   1.0000             C
404.0000    0    1.000   1.0000          NULL 
405.0000    2    4.000   1.0000             B
409.0000    3    6.000   1.0000             C
415.0000    0    1.000   1.0000          NULL 
416.0000    3    6.000   1.0000             C
422.0000    0    2.000   1.0000          NULL 
424.0000    2    4.000   1.0000             B
428.0000    0    1.000   1.0000          NULL 
429.0000    2    4.000   1.0000             B
433.0000    0    3.000   1.0000          NULL 
436.0000    1    2.000   1.0000             A
438.0000    0    2.000   1.0000          NULL 
440.0000    1    2.000   1.0000             A
442.0000    0    1.000   1.0000          NULL 
443.0000    2    4.000   1.0000             B
447.0000    3    6.000   1.0000             C
453.0000    0    7.000   1.0000          NULL 
460.0000    1    2.000   1.0000             A
462.0000    0    1.000   1.0000          NULL 
463.0000    1    2.000   1.0000             A
465.0000    0    2.000   1.0000          NULL 
467.0000    1    2.000   1.0000             A
469.0000    0    5.000   1.0000          NULL 
474.0000    1    2.000   1.0000             A
476.0000    0    4.000   1.0000          NULL 
