  0.0000    1    2.000   1.0000             A
  2.0000    0    2.000   1.0000          NULL 
  4.0000    1    2.000   1.0000             A
  6.0000    1    2.000   1.0000             A
  8.0000    0    2.000   1.0000          NULL 
 10.0000    1    2.000   1.0000             A
 12.0000    3    6.000   1.0000             C
 18.0000    0    2.000   1.0000          NULL 
 20.0000    1    2.000   1.0000             A
 22.0000    0    2.000   1.0000          NULL 
 24.0000    3    6.000   1.0000             C
 30.0000    0    1.000   1.0000          NULL 
 31.0000    1    2.000   1.0000             A
 33.0000    0    1.000   1.0000          NULL 
 34.0000    1    2.000   1.0000             A
 36.0000    1    2.000   1.0000             A
 38.0000    0    3.000   1.0000          NULL 
 41.0000    1    2.000   1.0000             A
 43.0000    0    2.000   1.0000          NULL 
 45.0000    3    6.000   1.0000             C
 51.0000    1    2.000   1.0000             A
 53.0000    1    2.000   1.0000             A
 55.0000    3    6.000   1.0000             C
 61.0000    0    2.000   1.0000          NULL 
 63.0000    2    4.000   1.0000             B
 67.0000    0    3.000   1.0000          NULL 
 70.0000    3    6.000   1.0000             C
 76.0000    0    1.000   1.0000          NULL 
 77.0000    1    2.000   1.0000             A
 79.0000    0    1.000   1.0000          NULL 
 80.0000    2    4.000   1.0000             B
 84.0000    1    2.000   1.0000             A
 86.0000    3    6.000   1.0000             C
 92.0000    0    2.000   1.0000          NULL 
 94.0000    1    2.000   1.0000             A
 96.0000    0    4.000   1.0000          NULL 
100.0000    2    4.000   1.0000             B
104.0000    1    2.000   1.0000             A
106.0000    0    1.000   1.0000          NULL 
107.0000    1    2.000   1.0000             A
109.0000    0    4.000   1.0000          NULL 
113.0000    2    4.000   1.0000             B
117.0000    0    3.000   1.0000          NULL 
120.0000    3    6.000   1.0000             C
126.0000    0    1.000   1.0000          NULL 
127.0000    2    4.000   1.0000             B
131.0000    3    6.000   1.0000             C
137.0000    0    2.000   1.0000          NULL 
139.0000    3    6.000   1.0000             C
145.0000    0    8.000   1.0000          NULL 
153.0000    1    2.000   1.0000             A
155.0000    3    6.000   1.0000             C
161.0000    0    3.000   1.0000          NULL 
164.0000    1    2.000   1.0000             A
166.0000    1    2.000   1.0000             A
168.0000    0    2.000   1.0000          NULL 
170.0000    3    6.000   1.0000             C
176.0000    3    6.000   1.0000             C
182.0000    0    1.000   1.0000          NULL 
183.0000    1    2.000   1.0000             A
185.0000    0    8.000   1.0000          NULL 
193.0000    3    6.000   1.0000             C
199.0000    2    4.000   1.0000             B
203.0000    0    5.000   1.0000          NULL 
208.0000    1    2.000   1.0000             A
210.0000    0    2.000   1.0000          NULL 
212.0000    2    4.000   1.0000             B
216.0000    2    4.000   1.0000             B
220.0000    0    1.000   1.0000          NULL 
221.0000    3    6.000   1.0000             C
227.0000    0    1.000   1.0000          NULL 
228.0000    3    6.000   1.0000             C
234.0000    0    3.000   1.0000          NULL 
237.0000    1    2.000   1.0000             A
239.0000    3    6.000   1.0000             C
245.0000    3    6.000   1.0000             C
251.0000    0    3.000   1.0000          NULL 
254.0000    1    2.000   1.0000             A
256.0000    3    6.000   1.0000             C
262.0000    1    2.000   1.0000             A
264.0000    0    4.000   1.0000          NULL 
268.0000    3    6.000   1.0000             C
274.0000    2    4.000   1.0000             B
278.0000    3    6.000   1.0000             C
284.0000    0    1.000   1.0000          NULL 
285.0000    1    2.000   1.0000             A
287.0000    1    2.000   1.0000             A
289.0000    0    7.000   1.0000          NULL 
296.0000    3    6.000   1.0000             C
302.0000    0    1.000   1.0000          NULL 
303.0000    1    2.000   1.0000             A
305.0000    0    1.000   1.0000          NULL 
306.0000    2    4.000   1.0000             B
310.0000    0    1.000   1.0000          NULL 
311.0000    1    2.000   1.0000             A
313.0000    0    1.000   1.0000          NULL 
314.0000    2    4.000   1.0000             B
318.0000    1    2.000   1.0000             A
320.0000    0    2.000   1.0000          NULL 
322.0000    1    2.000   1.0000             A
324.0000    0    1.000   1.0000          NULL 
325.0000    2    4.000   1.0000             B
329.0000    0    2.000   1.0000          NULL 
331.0000    3    6.000   1.0000             C
337.0000    2    4.000   1.0000             B
341.0000    0    6.000   1.0000          NULL 
347.0000    2    4.000   1.0000             B
351.0000    0    1.000   1.0000          NULL 
352.0000    2    4.000   1.0000             B
356.0000    0    1.000   1.0000          NULL 
357.0000    1    2.000   1.0000             A
359.0000    0    1.000   1.0000          NULL 
360.0000    1    2.000   1.0000             A
362.0000    1    2.000   1.0000             A
364.0000    0    2.000   1.0000          NULL 
366.0000    2    4.000   1.0000             B
370.0000    0    2.000   1.0000          NULL 
372.0000    1    2.000   1.0000             A
374.0000    0    4.000   1.0000          NULL 
378.0000    1    2.000   1.0000             A
380.0000    1    2.000   1.0000             A
382.0000    0    4.000   1.0000          NULL 
386.0000    2    4.000   1.0000             B
390.0000    1    2.000   1.0000             A
392.0000    3    6.000   1.0000             C
398.0000    0    2.000   1.0000          NULL 
400.0000    3    6.000   1.0000             C
406.0000    0    1.000   1.0000          NULL 
407.0000    3    6.000   1.0000             C
413.0000    0    3.000   1.0000          NULL 
416.0000    3    6.000   1.0000             C
422.0000    1    2.000   1.0000             A
424.0000    2    4.000   1.0000             B
428.0000    0    3.000   1.0000          NULL 
431.0000    3    6.000   1.0000             C
437.0000    0    2.000   1.0000          NULL 
439.0000    2    4.000   1.0000             B
443.0000    3    6.000   1.0000             C
449.0000    0    2.000   1.0000          NULL 
451.0000    3    6.000   1.0000             C
457.0000    1    2.000   1.0000             A
459.0000    1    2.000   1.0000             A
461.0000    0    2.000   1.0000          NULL 
463.0000    2    4.000   1.0000             B
467.0000    3    6.000   1.0000             C
473.0000    0    7.000   1.0000          NULL 
