  0.0000    3    6.000   1.0000             C
  6.0000    0    1.000   1.0000          NULL 
  7.0000    1    2.000   1.0000             A
  9.0000    0    8.000   1.0000          NULL 
 17.0000    3    6.000   1.0000             C
 23.0000    0    1.000   1.0000          NULL 
 24.0000    1    2.000   1.0000             A
 26.0000    0    1.000   1.0000          NULL 
 27.0000    1    2.000   1.0000             A
 29.0000    1    2.000   1.0000             A
 31.0000    0    1.000   1.0000          NULL 
 32.0000    1    2.000   1.0000             A
 34.0000    3    6.000   1.0000             C
 40.0000    3    6.000   1.0000             C
 46.0000    1    2.000   1.0000             A
 48.0000    0    3.000   1.0000          NULL 
 51.0000    2    4.000   1.0000             B
 55.0000    0    1.000   1.0000          NULL 
 56.0000    3    6.000   1.0000             C
 62.0000    0    1.000   1.0000          NULL 
 63.0000    1    2.000   1.0000             A
 65.0000    0    1.000   1.0000          NULL 
 66.0000    1    2.000   1.0000             A
 68.0000    3    6.000   1.0000             C
 74.0000    0    3.000   1.0000          NULL 
 77.0000    1    2.000   1.0000             A
 79.0000    0    2.000   1.0000          NULL 
 81.0000    1    2.000   1.0000             A
 83.0000    0    1.000   1.0000          NULL 
 84.0000    3    6.000   1.0000             C
 90.0000    2    4.000   1.0000             B
 94.0000    2    4.000   1.0000             B
 98.0000    3    6.000   1.0000             C
104.0000    1    2.000   1.0000             A
106.0000    0    2.000   1.0000          NULL 
108.0000    3    6.000   1.0000             C
114.0000    0    6.000   1.0000          NULL 
120.0000    2    4.000   1.0000             B
124.0000    0    3.000   1.0000          NULL 
127.0000    3    6.000   1.0000             C
133.0000    1    2.000   1.0000             A
135.0000    0    3.000   1.0000          NULL 
138.0000    3    6.000   1.0000             C
144.0000    0    2.000   1.0000          NULL 
146.0000    3    6.000   1.0000             C
152.0000    0    1.000   1.0000          NULL 
153.0000    2    4.000   1.0000             B
157.0000    0    4.000   1.0000          NULL 
161.0000    1    2.000   1.0000             A
163.0000    3    6.000   1.0000             C
169.0000    0    3.000   1.0000          NULL 
172.0000    2    4.000   1.0000             B
176.0000    0    4.000   1.0000          NULL 
180.0000    2    4.000   1.0000             B
184.0000    1    2.000   1.0000             A
186.0000    1    2.000   1.0000             A
188.0000    0    1.000   1.0000          NULL 
189.0000    3    6.000   1.0000             C
195.0000    0    1.000   1.0000          NULL 
196.0000    3    6.000   1.0000             C
202.0000    0    1.000   1.0000          NULL 
203.0000    3    6.000   1.0000             C
209.0000    1    2.000   1.0000             A
211.0000    0    4.000   1.0000          NULL 
215.0000    1    2.000   1.0000             A
217.0000    1    2.000   1.0000             A
219.0000    0    1.000   1.0000          NULL 
220.0000    2    4.000   1.0000             B
224.0000    0    1.000   1.0000          NULL 
225.0000    2    4.000   1.0000             B
229.0000    2    4.000   1.0000             B
233.0000    0    2.000   1.0000          NULL 
235.0000    1    2.000   1.0000             A
237.0000    0    2.000   1.0000          NULL 
239.0000    1    2.000   1.0000             A
241.0000    2    4.000   1.0000             B
245.0000    0   12.000   1.0000          NULL 
257.0000    3    6.000   1.0000             C
263.0000    2    4.000   1.0000             B
267.0000    0    1.000   1.0000          NULL 
268.0000    3    6.000   1.0000             C
274.0000    0    3.000   1.0000          NULL 
277.0000    2    4.000   1.0000             B
281.0000    0    2.000   1.0000          NULL 
283.0000    1    2.000   1.0000             A
285.0000    0    1.000   1.0000          NULL 
286.0000    1    2.000   1.0000             A
288.0000    3    6.000   1.0000             C
294.0000    0    2.000   1.0000          NULL 
296.0000    1    2.000   1.0000             A
298.0000    0    1.000   1.0000          NULL 
299.0000    3    6.000   1.0000             C
305.0000    3    6.000   1.0000             C
311.0000    2    4.000   1.0000             B
315.0000    3    6.000   1.0000             C
321.0000    1    2.000   1.0000             A
323.0000    0    2.000   1.0000          NULL 
325.0000    1    2.000   1.0000             A
327.0000    1    2.000   1.0000             A
329.0000    0    1.000   1.0000          NULL 
330.0000    1    2.000   1.0000             A
332.0000    0    3.000   1.0000          NULL 
335.0000    1    2.000   1.0000             A
337.0000    0    2.000   1.0000          NULL 
339.0000    2    4.000   1.0000             B
343.0000    2    4.000   1.0000             B
347.0000    0    1.000   1.0000          NULL 
348.0000    2    4.000   1.0000             B
352.0000    0    2.000   1.0000          NULL 
354.0000    1    2.000   1.0000             A
356.0000    0    8.000   1.0000          NULL 
364.0000    1    2.000   1.0000             A
366.0000    2    4.000   1.0000             B
370.0000    0    3.000   1.0000          NULL 
373.0000    1    2.000   1.0000             A
375.0000    0    1.000   1.0000          NULL 
376.0000    1    2.000   1.0000             A
378.0000    0    1.000   1.0000          NULL 
379.0000    3    6.000   1.0000             C
385.0000    0    1.000   1.0000          NULL 
386.0000    1    2.000   1.0000             A
388.0000    1    2.000   1.0000             A
390.0000    0    2.000   1.0000          NULL 
392.0000    3    6.000   1.0000             C
398.0000    0    1.000   1.0000          NULL 
399.0000    2    4.000   1.0000             B
403.0000    0    1.000   1.0000          NULL 
404.0000    3    6.000   1.0000             C
410.0000    0    3.000   1.0000          NULL 
413.0000    3    6.000   1.0000             C
419.0000    3    6.000   1.0000             C
425.0000    0    1.000   1.0000          NULL 
426.0000    1    2.000   1.0000             A
428.0000    0    2.000   1.0000          NULL 
430.0000    3    6.000   1.0000             C
436.0000    1    2.000   1.0000             A
438.0000    0    1.000   1.0000          NULL 
439.0000    3    6.000   1.0000             C
445.0000    0    3.000   1.0000          NULL 
448.0000    1    2.000   1.0000             A
450.0000    0    5.000   1.0000          NULL 
455.0000    1    2.000   1.0000             A
457.0000    1    2.000   1.0000             A
459.0000    3    6.000   1.0000             C
465.0000    0    4.000   1.0000          NULL 
469.0000    2    4.000   1.0000             B
473.0000    1    2.000   1.0000             A
475.0000    0    5.000   1.0000          NULL 
