  0.0000    2    4.000   1.0000             B
  4.0000    0    1.000   1.0000          NULL 
  5.0000    1    2.000   1.0000             A
  7.0000    0    2.000   1.0000          NULL 
  9.0000    1    2.000   1.0000             A
 11.0000    0    3.000   1.0000          NULL 
 14.0000    1    2.000   1.0000             A
 16.0000    0    1.000   1.0000          NULL 
 17.0000    1    2.000   1.0000             A
 19.0000    1    2.000   1.0000             A
 21.0000    0    2.000   1.0000          NULL 
 23.0000    3    6.000   1.0000             C
 29.0000    0    1.000   1.0000          NULL 
 30.0000    1    2.000   1.0000             A
 32.0000    2    4.000   1.0000             B
 36.0000    0    1.000   1.0000          NULL 
 37.0000    3    6.000   1.0000             C
 43.0000    0    5.000   1.0000          NULL 
 48.0000    1    2.000   1.0000             A
 50.0000    0    6.000   1.0000          NULL 
 56.0000    3    6.000   1.0000             C
 62.0000    0    1.000   1.0000          NULL 
 63.0000    2    4.000   1.0000             B
 67.0000    0    2.000   1.0000          NULL 
 69.0000    2    4.000   1.0000             B
 73.0000    1    2.000   1.0000             A
 75.0000    1    2.000   1.0000             A
 77.0000    1    2.000   1.0000             A
 79.0000    0    3.000   1.0000          NULL 
 82.0000    1    2.000   1.0000             A
 84.0000    1    2.000   1.0000             A
 86.0000    0    5.000   1.0000          NULL 
 91.0000    3    6.000   1.0000             C
 97.0000    0    1.000   1.0000          NULL 
 98.0000    3    6.000   1.0000             C
104.0000    0    2.000   1.0000          NULL 
106.0000    1    2.000   1.0000             A
108.0000    0    3.000   1.0000          NULL 
111.0000    3    6.000   1.0000             C
117.0000    0    4.000   1.0000          NULL 
121.0000    1    2.000   1.0000             A
123.0000    0    1.000   1.0000          NULL 
124.0000    2    4.000   1.0000             B
128.0000    1    2.000   1.0000             A
130.0000    1    2.000   1.0000             A
132.0000    3    6.000   1.0000             C
138.0000    0    1.000   1.0000          NULL 
139.0000    2    4.000   1.0000             B
143.0000    1    2.000   1.0000             A
145.0000    0    1.000   1.0000          NULL 
146.0000    3    6.000   1.0000             C
152.0000    0    2.000   1.0000          NULL 
154.0000    1    2.000   1.0000             A
156.0000    0    1.000   1.0000          NULL 
157.0000    1    2.000   1.0000             A
159.0000    0    1.000   1.0000          NULL 
160.0000    1    2.000   1.0000             A
162.0000    3    6.000   1.0000             C
168.0000    3    6.000   1.0000             C
174.0000    0    4.000   1.0000          NULL 
178.0000    3    6.000   1.0000             C
184.0000    1    2.000   1.0000             A
186.0000    0    1.000   1.0000          NULL 
187.0000    3    6.000   1.0000             C
193.0000    0    2.000   1.0000          NULL 
195.0000    1    2.000   1.0000             A
197.0000    1    2.000   1.0000             A
199.0000    3    6.000   1.0000             C
205.0000    0    3.000   1.0000          NULL 
208.0000    1    2.000   1.0000             A
210.0000    0    3.000   1.0000          NULL 
213.0000    2    4.000   1.0000             B
217.0000    0    2.000   1.0000          NULL 
219.0000    2    4.000   1.0000             B
223.0000    0    3.000   1.0000          NULL 
226.0000    2    4.000   1.0000             B
230.0000    3    6.000   1.0000             C
236.0000    0    1.000   1.0000          NULL 
237.0000    1    2.000   1.0000             A
239.0000    0    4.000   1.0000          NULL 
243.0000    3    6.000   1.0000             C
249.0000    1    2.000   1.0000             A
251.0000    3    6.000   1.0000             C
257.0000    2    4.000   1.0000             B
261.0000    0    2.000   1.0000          NULL 
263.0000    3    6.000   1.0000             C
269.0000    0    6.000   1.0000          NULL 
275.0000    2    4.000   1.0000             B
279.0000    2    4.000   1.0000             B
283.0000    0    5.000   1.0000          NULL 
288.0000    3    6.000   1.0000             C
294.0000    0    4.000   1.0000          NULL 
298.0000    1    2.000   1.0000             A
300.0000    0    2.000   1.0000          NULL 
302.0000    3    6.000   1.0000             C
308.0000    0    1.000   1.0000          NULL 
309.0000    3    6.000   1.0000             C
315.0000    0    1.000   1.0000          NULL 
316.0000    3    6.000   1.0000             C
322.0000    1    2.000   1.0000             A
324.0000    0    3.000   1.0000          NULL 
327.0000    2    4.000   1.0000             B
331.0000    0    1.000   1.0000          NULL 
332.0000    2    4.000   1.0000             B
336.0000    2    4.000   1.0000             B
340.0000    0    2.000   1.0000          NULL 
342.0000    1    2.000   1.0000             A
344.0000    0    3.000   1.0000          NULL 
347.0000    3    6.000   1.0000             C
353.0000    0    2.000   1.0000          NULL 
355.0000    3    6.000   1.0000             C
361.0000    2    4.000   1.0000             B
365.0000    0    5.000   1.0000          NULL 
370.0000    3    6.000   1.0000             C
376.0000    3    6.000   1.0000             C
382.0000    0    1.000   1.0000          NULL 
383.0000    1    2.000   1.0000             A
385.0000    0    1.000   1.0000          NULL 
386.0000    2    4.000   1.0000             B
390.0000    0    6.000   1.0000          NULL 
396.0000    2    4.000   1.0000             B
400.0000    3    6.000   1.0000             C
406.0000    0    3.000   1.0000          NULL 
409.0000    1    2.000   1.0000             A
411.0000    0    1.000   1.0000          NULL 
412.0000    3    6.000   1.0000             C
418.0000    2    4.000   1.0000             B
422.0000    0    1.000   1.0000          NULL 
423.0000    3    6.000   1.0000             C
429.0000    3    6.000   1.0000             C
435.0000    0    1.000   1.0000          NULL 
436.0000    2    4.000   1.0000             B
440.0000    0    2.000   1.0000          NULL 
442.0000    1    2.000   1.0000             A
444.0000    1    2.000   1.0000             A
446.0000    0    1.000   1.0000          NULL 
447.0000    1    2.000   1.0000             A
449.0000    0    2.000   1.0000          NULL 
451.0000    1    2.000   1.0000             A
453.0000    1    2.000   1.0000             A
455.0000    1    2.000   1.0000             A
457.0000    0    3.000   1.0000          NULL 
460.0000    3    6.000   1.0000             C
466.0000    1    2.000   1.0000             A
468.0000    0    4.000   1.0000          NULL 
472.0000    1    2.000   1.0000             A
474.0000    0    1.000   1.0000          NULL 
475.0000    1    2.000   1.0000             A
477.0000    0    3.000   1.0000          NULL 
