  0.0000    1    2.000   1.0000             A
  2.0000    1    2.000   1.0000             A
  4.0000    1    2.000   1.0000             A
  6.0000    0    6.000   1.0000          NULL 
 12.0000    1    2.000   1.0000             A
 14.0000    0    3.000   1.0000          NULL 
 17.0000    1    2.000   1.0000             A
 19.0000    0    3.000   1.0000          NULL 
 22.0000    1    2.000   1.0000             A
 24.0000    1    2.000   1.0000             A
 26.0000    0    5.000   1.0000          NULL 
 31.0000    1    2.000   1.0000             A
 33.0000    0    2.000   1.0000          NULL 
 35.0000    3    6.000   1.0000             C
 41.0000    0    2.000   1.0000          NULL 
 43.0000    2    4.000   1.0000             B
 47.0000    0    2.000   1.0000          NULL 
 49.0000    2    4.000   1.0000             B
 53.0000    0    2.000   1.0000          NULL 
 55.0000    1    2.000   1.0000             A
 57.0000    0    1.000   1.0000          NULL 
 58.0000    1    2.000   1.0000             A
 60.0000    3    6.000   1.0000             C
 66.0000    0    1.000   1.0000          NULL 
 67.0000    3    6.000   1.0000             C
 73.0000    0    3.000   1.0000          NULL 
 76.0000    1    2.000   1.0000             A
 78.0000    0    5.000   1.0000          NULL 
 83.0000    3    6.000   1.0000             C
 89.0000    1    2.000   1.0000             A
 91.0000    0    1.000   1.0000          NULL 
 92.0000    2    4.000   1.0000             B
 96.0000    0    2.000   1.0000          NULL 
 98.0000    1    2.000   1.0000             A
100.0000    2    4.000   1.0000             B
104.0000    3    6.000   1.0000             C
110.0000    0    2.000   1.0000          NULL 
112.0000    1    2.000   1.0000             A
114.0000    0    1.000   1.0000          NULL 
115.0000    1    2.000   1.0000             A
117.0000    1    2.000   1.0000             A
119.0000    0    2.000   1.0000          NULL 
121.0000    1    2.000   1.0000             A
123.0000    2    4.000   1.0000             B
127.0000    2    4.000   1.0000             B
131.0000    0    2.000   1.0000          NULL 
133.0000    1    2.000   1.0000             A
135.0000    3    6.000   1.0000             C
141.0000    0    5.000   1.0000          NULL 
146.0000    2    4.000   1.0000             B
150.0000    0    1.000   1.0000          NULL 
151.0000    1    2.000   1.0000             A
153.0000    0    1.000   1.0000          NULL 
154.0000    3    6.000   1.0000             C
160.0000    0    3.000   1.0000          NULL 
163.0000    2    4.000   1.0000             B
167.0000    3    6.000   1.0000             C
173.0000    0    1.000   1.0000          NULL 
174.0000    2    4.000   1.0000             B
178.0000    0    1.000   1.0000          NULL 
179.0000    1    2.000   1.0000             A
181.0000    1    2.000   1.0000             A
183.0000    0    1.000   1.0000          NULL 
184.0000    2    4.000   1.0000             B
188.0000    2    4.000   1.0000             B
192.0000    1    2.000   1.0000             A
194.0000    0    1.000   1.0000          NULL 
195.0000    1    2.000   1.0000             A
197.0000    0    1.000   1.0000          NULL 
198.0000    3    6.000   1.0000             C
204.0000    0    4.000   1.0000          NULL 
208.0000    3    6.000   1.0000             C
214.0000    3    6.000   1.0000             C
220.0000    3    6.000   1.0000             C
226.0000    0    3.000   1.0000          NULL 
229.0000    1    2.000   1.0000             A
231.0000    0    1.000   1.0000          NULL 
232.0000    3    6.000   1.0000             C
238.0000    0    2.000   1.0000          NULL 
240.0000    3    6.000   1.0000             C
246.0000    3    6.000   1.0000             C
252.0000    0    2.000   1.0000          NULL 
254.0000    1    2.000   1.0000             A
256.0000    0    6.000   1.0000          NULL 
262.0000    2    4.000   1.0000             B
266.0000    0    1.000   1.0000          NULL 
267.0000    3    6.000   1.0000             C
273.0000    0    2.000   1.0000          NULL 
275.0000    3    6.000   1.0000             C
281.0000    1    2.000   1.0000             A
283.0000    0    4.000   1.0000          NULL 
287.0000    3    6.000   1.0000             C
293.0000    0    1.000   1.0000          NULL 
294.0000    3    6.000   1.0000             C
300.0000    0    1.000   1.0000          NULL 
301.0000    1    2.000   1.0000             A
303.0000    3    6.000   1.0000             C
309.0000    2    4.000   1.0000             B
313.0000    2    4.000   1.0000             B
317.0000    0    6.000   1.0000          NULL 
323.0000    3    6.000   1.0000             C
329.0000    0    1.000   1.0000          NULL 
330.0000    2    4.000   1.0000             B
334.0000    3    6.000   1.0000             C
340.0000    1    2.000   1.0000             A
342.0000    2    4.000   1.0000             B
346.0000    1    2.000   1.0000             A
348.0000    0    3.000   1.0000          NULL 
351.0000    1    2.000   1.0000             A
353.0000    1    2.000   1.0000             A
355.0000    1    2.000   1.0000             A
357.0000    0    1.000   1.0000          NULL 
358.0000    1    2.000   1.0000             A
360.0000    3    6.000   1.0000             C
366.0000    0    6.000   1.0000          NULL 
372.0000    3    6.000   1.0000             C
378.0000    0    3.000   1.0000          NULL 
381.0000    2    4.000   1.0000             B
385.0000    0    4.000   1.0000          NULL 
389.0000    3    6.000   1.0000             C
395.0000    0    1.000   1.0000          NULL 
396.0000    2    4.000   1.0000             B
400.0000    0    6.000   1.0000          NULL 
406.0000    1    2.000   1.0000             A
408.0000    0    1.000   1.0000          NULL 
409.0000    1    2.000   1.0000             A
411.0000    3    6.000   1.0000             C
417.0000    0    3.000   1.0000          NULL 
420.0000    1    2.000   1.0000             A
422.0000    0    5.000   1.0000          NULL 
427.0000    3    6.000   1.0000             C
433.0000    1    2.000   1.0000             A
435.0000    1    2.000   1.0000             A
437.0000    3    6.000   1.0000             C
443.0000    0    1.000   1.0000          NULL 
444.0000    3    6.000   1.0000             C
450.0000    1    2.000   1.0000             A
452.0000    0    5.000   1.0000          NULL 
457.0000    2    4.000   1.0000             B
461.0000    0    2.000   1.0000          NULL 
463.0000    3    6.000   1.0000             C
469.0000    0    3.000   1.0000          NULL 
472.0000    2    4.000   1.0000             B
476.0000    0    1.000   1.0000          NULL 
477.0000    1    2.000   1.0000             A
479.0000    0    1.000   1.0000          NULL 
