  0.0000    2    4.000   1.0000             B
  4.0000    3    6.000   1.0000             C
 10.0000    3    6.000   1.0000             C
 16.0000    0    2.000   1.0000          NULL 
 18.0000    1    2.000   1.0000             A
 20.0000    1    2.000   1.0000             A
 22.0000    0    2.000   1.0000          NULL 
 24.0000    2    4.000   1.0000             B
 28.0000    0    3.000   1.0000          NULL 
 31.0000    3    6.000   1.0000             C
 37.0000    1    2.000   1.0000             A
 39.0000    0    1.000   1.0000          NULL 
 40.0000    1    2.000   1.0000             A
 42.0000    1    2.000   1.0000             A
 44.0000    0    3.000   1.0000          NULL 
 47.0000    1    2.000   1.0000             A
 49.0000    2    4.000   1.0000             B
 53.0000    0    5.000   1.0000          NULL 
 58.0000    1    2.000   1.0000             A
 60.0000    0    3.000   1.0000          NULL 
 63.0000    2    4.000   1.0000             B
 67.0000    1    2.000   1.0000             A
 69.0000    0    1.000   1.0000          NULL 
 70.0000    1    2.000   1.0000             A
 72.0000    0    6.000   1.0000          NULL 
 78.0000    2    4.000   1.0000             B
 82.0000    1    2.000   1.0000             A
 84.0000    0    4.000   1.0000          NULL 
 88.0000    1    2.000   1.0000             A
 90.0000    3    6.000   1.0000             C
 96.0000    0    1.000   1.0000          NULL 
 97.0000    2    4.000   1.0000             B
101.0000    0    2.000   1.0000          NULL 
103.0000    1    2.000   1.0000             A
105.0000    0    1.000   1.0000          NULL 
106.0000    2    4.000   1.0000             B
110.0000    0    2.000   1.0000          NULL 
112.0000    2    4.000   1.0000             B
116.0000    0    1.000   1.0000          NULL 
117.0000    1    2.000   1.0000             A
119.0000    0    3.000   1.0000          NULL 
122.0000    3    6.000   1.0000             C
128.0000    0    2.000   1.0000          NULL 
130.0000    1    2.000   1.0000             A
132.0000    0    5.000   1.0000          NULL 
137.0000    3    6.000   1.0000             C
143.0000    1    2.000   1.0000             A
145.0000    2    4.000   1.0000             B
149.0000    2    4.000   1.0000             B
153.0000    0    1.000   1.0000          NULL 
154.0000    1    2.000   1.0000             A
156.0000    0    5.000   1.0000          NULL 
161.0000    1    2.000   1.0000             A
163.0000    1    2.000   1.0000             A
165.0000    0    1.000   1.0000          NULL 
166.0000    3    6.000   1.0000             C
172.0000    1    2.000   1.0000             A
174.0000    3    6.000   1.0000             C
180.0000    0    2.000   1.0000          NULL 
182.0000    3    6.000   1.0000             C
188.0000    0    6.000   1.0000          NULL 
194.0000    3    6.000   1.0000             C
200.0000    2    4.000   1.0000             B
204.0000    3    6.000   1.0000             C
210.0000    0    1.000   1.0000          NULL 
211.0000    3    6.000   1.0000             C
217.0000    2    4.000   1.0000             B
221.0000    0    3.000   1.0000          NULL 
224.0000    1    2.000   1.0000             A
226.0000    0    1.000   1.0000          NULL 
227.0000    2    4.000   1.0000             B
231.0000    1    2.000   1.0000             A
233.0000    3    6.000   1.0000             C
239.0000    0    1.000   1.0000          NULL 
240.0000    2    4.000   1.0000             B
244.0000    0    2.000   1.0000          NULL 
246.0000    1    2.000   1.0000             A
248.0000    0    1.000   1.0000          NULL 
249.0000    1    2.000   1.0000             A
251.0000    0    4.000   1.0000          NULL 
255.0000    2    4.000   1.0000             B
259.0000    3    6.000   1.0000             C
265.0000    0    2.000   1.0000          NULL 
267.0000    1    2.000   1.0000             A
269.0000    3    6.000   1.0000             C
275.0000    0    1.000   1.0000          NULL 
276.0000    1    2.000   1.0000             A
278.0000    1    2.000   1.0000             A
280.0000    0    5.000   1.0000          NULL 
285.0000    3    6.000   1.0000             C
291.0000    0    3.000   1.0000          NULL 
294.0000    3    6.000   1.0000             C
300.0000    0    1.000   1.0000          NULL 
301.0000    1    2.000   1.0000             A
303.0000    0    2.000   1.0000          NULL 
305.0000    3    6.000   1.0000             C
311.0000    1    2.000   1.0000             A
313.0000    1    2.000   1.0000             A
315.0000    0    1.000   1.0000          NULL 
316.0000    1    2.000   1.0000             A
318.0000    0    1.000   1.0000          NULL 
319.0000    2    4.000   1.0000             B
323.0000    3    6.000   1.0000             C
329.0000    0    3.000   1.0000          NULL 
332.0000    3    6.000   1.0000             C
338.0000    0    3.000   1.0000          NULL 
341.0000    3    6.000   1.0000             C
347.0000    0    5.000   1.0000          NULL 
352.0000    3    6.000   1.0000             C
358.0000    0    1.000   1.0000          NULL 
359.0000    1    2.000   1.0000             A
361.0000    0    4.000   1.0000          NULL 
365.0000    3    6.000   1.0000             C
371.0000    3    6.000   1.0000             C
377.0000    0    3.000   1.0000          NULL 
380.0000    2    4.000   1.0000             B
384.0000    0    1.000   1.0000          NULL 
385.0000    3    6.000   1.0000             C
391.0000    0    3.000   1.0000          NULL 
394.0000    1    2.000   1.0000             A
396.0000    0    1.000   1.0000          NULL 
397.0000    1    2.000   1.0000             A
399.0000    1    2.000   1.0000             A
401.0000    1    2.000   1.0000             A
403.0000    0    4.000   1.0000          NULL 
407.0000    3    6.000   1.0000             C
413.0000    0    1.000   1.0000          NULL 
414.0000    1    2.000   1.0000             A
416.0000    0    1.000   1.0000          NULL 
417.0000    2    4.000   1.0000             B
421.0000    0    1.000   1.0000          NULL 
422.0000    1    2.000   1.0000             A
424.0000    2    4.000   1.0000             B
428.0000    0    1.000   1.0000          NULL 
429.0000    2    4.000   1.0000             B
433.0000    0    4.000   1.0000          NULL 
437.0000    3    6.000   1.0000             C
443.0000    0    3.000   1.0000          NULL 
446.0000    3    6.000   1.0000             C
452.0000    1    2.000   1.0000             A
454.0000    0    1.000   1.0000          NULL 
455.0000    3    6.000   1.0000             C
461.0000    0    4.000   1.0000          NULL 
465.0000    1    2.000   1.0000             A
467.0000    0    1.000   1.0000          NULL 
468.0000    3    6.000   1.0000             C
474.0000    0    2.000   1.0000          NULL 
476.0000    1    2.000   1.0000             A
478.0000    0    2.000   1.0000          NULL 
