  0.0000    1    2.000   1.0000             A
  2.0000    0    3.000   1.0000          NULL 
  5.0000    2    4.000   1.0000             B
  9.0000    0    3.000   1.0000          NULL 
 12.0000    1    2.000   1.0000             A
 14.0000    0    1.000   1.0000          NULL 
 15.0000    3    6.000   1.0000             C
 21.0000    0    6.000   1.0000          NULL 
 27.0000    2    4.000   1.0000             B
 31.0000    1    2.000   1.0000             A
 33.0000    1    2.000   1.0000             A
 35.0000    0    1.000   1.0000          NULL 
 36.0000    1    2.000   1.0000             A
 38.0000    0    2.000   1.0000          NULL 
 40.0000    3    6.000   1.0000             C
 46.0000    0    2.000   1.0000          NULL 
 48.0000    1    2.000   1.0000             A
 50.0000    3    6.000   1.0000             C
 56.0000    0    1.000   1.0000          NULL 
 57.0000    2    4.000   1.0000             B
 61.0000    0    5.000   1.0000          NULL 
 66.0000    3    6.000   1.0000             C
 72.0000    0    2.000   1.0000          NULL 
 74.0000    1    2.000   1.0000             A
 76.0000    0    1.000   1.0000          NULL 
 77.0000    1    2.000   1.0000             A
 79.0000    0    1.000   1.0000          NULL 
 80.0000    3    6.000   1.0000             C
 86.0000    0    2.000   1.0000          NULL 
 88.0000    1    2.000   1.0000             A
 90.0000    2    4.000   1.0000             B
 94.0000    1    2.000   1.0000             A
 96.0000    0    1.000   1.0000          NULL 
 97.0000    3    6.000   1.0000             C
103.0000    0    2.000   1.0000          NULL 
105.0000    2    4.000   1.0000             B
109.0000    0    2.000   1.0000          NULL 
111.0000    1    2.000   1.0000             A
113.0000    0    5.000   1.0000          NULL 
118.0000    1    2.000   1.0000             A
120.0000    3    6.000   1.0000             C
126.0000    1    2.000   1.0000             A
128.0000    2    4.000   1.0000             B
132.0000    1    2.000   1.0000             A
134.0000    0    1.000   1.0000          NULL 
135.0000    3    6.000   1.0000             C
141.0000    1    2.000   1.0000             A
143.0000    0    3.000   1.0000          NULL 
146.0000    2    4.000   1.0000             B
150.0000    0    3.000   1.0000          NULL 
153.0000    3    6.000   1.0000             C
159.0000    1    2.000   1.0000             A
161.0000    1    2.000   1.0000             A
163.0000    0    3.000   1.0000          NULL 
166.0000    1    2.000   1.0000             A
168.0000    1    2.000   1.0000             A
170.0000    1    2.000   1.0000             A
172.0000    3    6.000   1.0000             C
178.0000    0    1.000   1.0000          NULL 
179.0000    3    6.000   1.0000             C
185.0000    1    2.000   1.0000             A
187.0000    0    1.000   1.0000          NULL 
188.0000    3    6.000   1.0000             C
194.0000    0    1.000   1.0000          NULL 
195.0000    3    6.000   1.0000             C
201.0000    0    3.000   1.0000          NULL 
204.0000    2    4.000   1.0000             B
208.0000    0    2.000   1.0000          NULL 
210.0000    3    6.000   1.0000             C
216.0000    0    1.000   1.0000          NULL 
217.0000    2    4.000   1.0000             B
221.0000    0    3.000   1.0000          NULL 
224.0000    2    4.000   1.0000             B
228.0000    3    6.000   1.0000             C
234.0000    0    3.000   1.0000          NULL 
237.0000    3    6.000   1.0000             C
243.0000    2    4.000   1.0000             B
247.0000    0    4.000   1.0000          NULL 
251.0000    1    2.000   1.0000             A
253.0000    3    6.000   1.0000             C
259.0000    0    1.000   1.0000          NULL 
260.0000    3    6.000   1.0000             C
266.0000    3    6.000   1.0000             C
272.0000    0    1.000   1.0000          NULL 
273.0000    1    2.000   1.0000             A
275.0000    0    2.000   1.0000          NULL 
277.0000    1    2.000   1.0000             A
279.0000    2    4.000   1.0000             B
283.0000    1    2.000   1.0000             A
285.0000    1    2.000   1.0000             A
287.0000    0    4.000   1.0000          NULL 
291.0000    1    2.000   1.0000             A
293.0000    0    1.000   1.0000          NULL 
294.0000    1    2.000   1.0000             A
296.0000    2    4.000   1.0000             B
300.0000    0    1.000   1.0000          NULL 
301.0000    1    2.000   1.0000             A
303.0000    0    4.000   1.0000          NULL 
307.0000    2    4.000   1.0000             B
311.0000    0    2.000   1.0000          NULL 
313.0000    2    4.000   1.0000             B
317.0000    0    6.000   1.0000          NULL 
323.0000    1    2.000   1.0000             A
325.0000    0    4.000   1.0000          NULL 
329.0000    3    6.000   1.0000             C
335.0000    0    1.000   1.0000          NULL 
336.0000    1    2.000   1.0000             A
338.0000    0    3.000   1.0000          NULL 
341.0000    1    2.000   1.0000             A
343.0000    0    2.000   1.0000          NULL 
345.0000    2    4.000   1.0000             B
349.0000    1    2.000   1.0000             A
351.0000    3    6.000   1.0000             C
357.0000    0    4.000   1.0000          NULL 
361.0000    1    2.000   1.0000             A
363.0000    0    1.000   1.0000          NULL 
364.0000    1    2.000   1.0000             A
366.0000    0    1.000   1.0000          NULL 
367.0000    3    6.000   1.0000             C
373.0000    3    6.000   1.0000             C
379.0000    0    2.000   1.0000          NULL 
381.0000    1    2.000   1.0000             A
383.0000    3    6.000   1.0000             C
389.0000    0    2.000   1.0000          NULL 
391.0000    3    6.000   1.0000             C
397.0000    0    3.000   1.0000          NULL 
400.0000    1    2.000   1.0000             A
402.0000    0    6.000   1.0000          NULL 
408.0000    2    4.000   1.0000             B
412.0000    3    6.000   1.0000             C
418.0000    0    5.000   1.0000          NULL 
423.0000    1    2.000   1.0000             A
425.0000    0    2.000   1.0000          NULL 
427.0000    2    4.000   1.0000             B
431.0000    1    2.000   1.0000             A
433.0000    3    6.000   1.0000             C
439.0000    0    3.000   1.0000          NULL 
442.0000    3    6.000   1.0000             C
448.0000    2    4.000   1.0000             B
452.0000    2    4.000   1.0000             B
456.0000    0    2.000   1.0000          NULL 
458.0000    3    6.000   1.0000             C
464.0000    0    4.000   1.0000          NULL 
468.0000    1    2.000   1.0000             A
470.0000    0    1.000   1.0000          NULL 
471.0000    3    6.000   1.0000             C
477.0000    0    3.000   1.0000          NULL 
