  0.0000    1    2.000   1.0000             A
  2.0000    2    4.000   1.0000             B
  6.0000    0    1.000   1.0000          NULL 
  7.0000    1    2.000   1.0000             A
  9.0000    3    6.000   1.0000             C
 15.0000    1    2.000   1.0000             A
 17.0000    1    2.000   1.0000             A
 19.0000    1    2.000   1.0000             A
 21.0000    0    1.000   1.0000          NULL 
 22.0000    3    6.000   1.0000             C
 28.0000    0    2.000   1.0000          NULL 
 30.0000    3    6.000   1.0000             C
 36.0000    0    4.000   1.0000          NULL 
 40.0000    3    6.000   1.0000             C
 46.0000    3    6.000   1.0000             C
 52.0000    0    3.000   1.0000          NULL 
 55.0000    1    2.000   1.0000             A
 57.0000    0    4.000   1.0000          NULL 
 61.0000    2    4.000   1.0000             B
 65.0000    0    4.000   1.0000          NULL 
 69.0000    1    2.000   1.0000             A
 71.0000    0    1.000   1.0000          NULL 
 72.0000    1    2.000   1.0000             A
 74.0000    1    2.000   1.0000             A
 76.0000    1    2.000   1.0000             A
 78.0000    1    2.000   1.0000             A
 80.0000    0    3.000   1.0000          NULL 
 83.0000    3    6.000   1.0000             C
 89.0000    1    2.000   1.0000             A
 91.0000    0    2.000   1.0000          NULL 
 93.0000    1    2.000   1.0000             A
 95.0000    0    3.000   1.0000          NULL 
 98.0000    2    4.000   1.0000             B
102.0000    1    2.000   1.0000             A
104.0000    0    1.000   1.0000          NULL 
105.0000    2    4.000   1.0000             B
109.0000    1    2.000   1.0000             A
111.0000    1    2.000   1.0000             A
113.0000    0    2.000   1.0000          NULL 
115.0000    3    6.000   1.0000             C
121.0000    0    1.000   1.0000          NULL 
122.0000    1    2.000   1.0000             A
124.0000    0    3.000   1.0000          NULL 
127.0000    1    2.000   1.0000             A
129.0000    3    6.000   1.0000             C
135.0000    0    4.000   1.0000          NULL 
139.0000    3    6.000   1.0000             C
145.0000    0    1.000   1.0000          NULL 
146.0000    3    6.000   1.0000             C
152.0000    2    4.000   1.0000             B
156.0000    0    1.000   1.0000          NULL 
157.0000    1    2.000   1.0000             A
159.0000    0    1.000   1.0000          NULL 
160.0000    1    2.000   1.0000             A
162.0000    2    4.000   1.0000             B
166.0000    0    1.000   1.0000          NULL 
167.0000    1    2.000   1.0000             A
169.0000    1    2.000   1.0000             A
171.0000    0    4.000   1.0000          NULL 
175.0000    2    4.000   1.0000             B
179.0000    3    6.000   1.0000             C
185.0000    2    4.000   1.0000             B
189.0000    0    1.000   1.0000          NULL 
190.0000    1    2.000   1.0000             A
192.0000    0    2.000   1.0000          NULL 
194.0000    2    4.000   1.0000             B
198.0000    2    4.000   1.0000             B
202.0000    0    5.000   1.0000          NULL 
207.0000    2    4.000   1.0000             B
211.0000    1    2.000   1.0000             A
213.0000    0    1.000   1.0000          NULL 
214.0000    3    6.000   1.0000             C
220.0000    0    2.000   1.0000          NULL 
222.0000    1    2.000   1.0000             A
224.0000    3    6.000   1.0000             C
230.0000    3    6.000   1.0000             C
236.0000    3    6.000   1.0000             C
242.0000    0    2.000   1.0000          NULL 
244.0000    2    4.000   1.0000             B
248.0000    0    4.000   1.0000          NULL 
252.0000    1    2.000   1.0000             A
254.0000    0    2.000   1.0000          NULL 
256.0000    3    6.000   1.0000             C
262.0000    0    2.000   1.0000          NULL 
264.0000    1    2.000   1.0000             A
266.0000    0    1.000   1.0000          NULL 
267.0000    3    6.000   1.0000             C
273.0000    0    2.000   1.0000          NULL 
275.0000    2    4.000   1.0000             B
279.0000    0    3.000   1.0000          NULL 
282.0000    1    2.000   1.0000             A
284.0000    0    4.000   1.0000          NULL 
288.0000    2    4.000   1.0000             B
292.0000    3    6.000   1.0000             C
298.0000    1    2.000   1.0000             A
300.0000    1    2.000   1.0000             A
302.0000    0    5.000   1.0000          NULL 
307.0000    1    2.000   1.0000             A
309.0000    0    1.000   1.0000          NULL 
310.0000    1    2.000   1.0000             A
312.0000    0    5.000   1.0000          NULL 
317.0000    3    6.000   1.0000             C
323.0000    0    2.000   1.0000          NULL 
325.0000    1    2.000   1.0000             A
327.0000    1    2.000   1.0000             A
329.0000    2    4.000   1.0000             B
333.0000    0    1.000   1.0000          NULL 
334.0000    3    6.000   1.0000             C
340.0000    1    2.000   1.0000             A
342.0000    0    1.000   1.0000          NULL 
343.0000    3    6.000   1.0000             C
349.0000    0    3.000   1.0000          NULL 
352.0000    3    6.000   1.0000             C
358.0000    2    4.000   1.0000             B
362.0000    0    3.000   1.0000          NULL 
365.0000    1    2.000   1.0000             A
367.0000    0    1.000   1.0000          NULL 
368.0000    3    6.000   1.0000             C
374.0000    0    6.000   1.0000          NULL 
380.0000    2    4.000   1.0000             B
384.0000    0    1.000   1.0000          NULL 
385.0000    2    4.000   1.0000             B
389.0000    3    6.000   1.0000             C
395.0000    0    5.000   1.0000          NULL 
400.0000    1    2.000   1.0000             A
402.0000    0    6.000   1.0000          NULL 
408.0000    1    2.000   1.0000             A
410.0000    3    6.000   1.0000             C
416.0000    0    3.000   1.0000          NULL 
419.0000    1    2.000   1.0000             A
421.0000    0    1.000   1.0000          NULL 
422.0000    3    6.000   1.0000             C
428.0000    0    2.000   1.0000          NULL 
430.0000    2    4.000   1.0000             B
434.0000    1    2.000   1.0000             A
436.0000    0    4.000   1.0000          NULL 
440.0000    3    6.000   1.0000             C
446.0000    0    1.000   1.0000          NULL 
447.0000    3    6.000   1.0000             C
453.0000    3    6.000   1.0000             C
459.0000    3    6.000   1.0000             C
465.0000    0    6.000   1.0000          NULL 
471.0000    2    4.000   1.0000             B
475.0000    0    5.000   1.0000          NULL 
