  0.0000    3    6.000   1.0000             C
  6.0000    0    1.000   1.0000          NULL 
  7.0000    1    2.000   1.0000             A
  9.0000    2    4.000   1.0000             B
 13.0000    3    6.000   1.0000             C
 19.0000    1    2.000   1.0000             A
 21.0000    0    2.000   1.0000          NULL 
 23.0000    1    2.000   1.0000             A
 25.0000    0    2.000   1.0000          NULL 
 27.0000    1    2.000   1.0000             A
 29.0000    1    2.000   1.0000             A
 31.0000    0    1.000   1.0000          NULL 
 32.0000    3    6.000   1.0000             C
 38.0000    0    2.000   1.0000          NULL 
 40.0000    1    2.000   1.0000             A
 42.0000    1    2.000   1.0000             A
 44.0000    3    6.000   1.0000             C
 50.0000    0    2.000   1.0000          NULL 
 52.0000    1    2.000   1.0000             A
 54.0000    2    4.000   1.0000             B
 58.0000    3    6.000   1.0000             C
 64.0000    0    1.000   1.0000          NULL 
 65.0000    3    6.000   1.0000             C
 71.0000    0    4.000   1.0000          NULL 
 75.0000    1    2.000   1.0000             A
 77.0000    3    6.000   1.0000             C
 83.0000    3    6.000   1.0000             C
 89.0000    0    4.000   1.0000          NULL 
 93.0000    2    4.000   1.0000             B
 97.0000    0    3.000   1.0000          NULL 
100.0000    2    4.000   1.0000             B
104.0000    0    3.000   1.0000          NULL 
107.0000    1    2.000   1.0000             A
109.0000    3    6.000   1.0000             C
115.0000    0    4.000   1.0000          NULL 
119.0000    2    4.000   1.0000             B
123.0000    0    4.000   1.0000          NULL 
127.0000    3    6.000   1.0000             C
133.0000    0    2.000   1.0000          NULL 
135.0000    2    4.000   1.0000             B
139.0000    3    6.000   1.0000             C
145.0000    0    2.000   1.0000          NULL 
147.0000    1    2.000   1.0000             A
149.0000    0    6.000   1.0000          NULL 
155.0000    3    6.000   1.0000             C
161.0000    1    2.000   1.0000             A
163.0000    0    1.000   1.0000          NULL 
164.0000    3    6.000   1.0000             C
170.0000    0    2.000   1.0000          NULL 
172.0000    3    6.000   1.0000             C
178.0000    0    2.000   1.0000          NULL 
180.0000    3    6.000   1.0000             C
186.0000    1    2.000   1.0000             A
188.0000    0    2.000   1.0000          NULL 
190.0000    3    6.000   1.0000             C
196.0000    0    5.000   1.0000          NULL 
201.0000    1    2.000   1.0000             A
203.0000    0    4.000   1.0000          NULL 
207.0000    2    4.000   1.0000             B
211.0000    0    1.000   1.0000          NULL 
212.0000    2    4.000   1.0000             B
216.0000    0    1.000   1.0000          NULL 
217.0000    3    6.000   1.0000             C
223.0000    0    1.000   1.0000          NULL 
224.0000    3    6.000   1.0000             C
230.0000    0    1.000   1.0000          NULL 
231.0000    1    2.000   1.0000             A
233.0000    0    1.000   1.0000          NULL 
234.0000    1    2.000   1.0000             A
236.0000    0    4.000   1.0000          NULL 
240.0000    1    2.000   1.0000             A
242.0000    1    2.000   1.0000             A
244.0000    0    2.000   1.0000          NULL 
246.0000    1    2.000   1.0000             A
248.0000    0    3.000   1.0000          NULL 
251.0000    3    6.000   1.0000             C
257.0000    2    4.000   1.0000             B
261.0000    0    3.000   1.0000          NULL 
264.0000    3    6.000   1.0000             C
270.0000    0    2.000   1.0000          NULL 
272.0000    3    6.000   1.0000             C
278.0000    1    2.000   1.0000             A
280.0000    0    3.000   1.0000          NULL 
283.0000    1    2.000   1.0000             A
285.0000    0    3.000   1.0000          NULL 
288.0000    3    6.000   1.0000             C
294.0000    2    4.000   1.0000             B
298.0000    0    4.000   1.0000          NULL 
302.0000    2    4.000   1.0000             B
306.0000    1    2.000   1.0000             A
308.0000    3    6.000   1.0000             C
314.0000    0    3.000   1.0000          NULL 
317.0000    1    2.000   1.0000             A
319.0000    0    1.000   1.0000          NULL 
320.0000    2    4.000   1.0000             B
324.0000    2    4.000   1.0000             B
328.0000    1    2.000   1.0000             A
330.0000    1    2.000   1.0000             A
332.0000    0    6.000   1.0000          NULL 
338.0000    1    2.000   1.0000             A
340.0000    3    6.000   1.0000             C
346.0000    1    2.000   1.0000             A
348.0000    0    1.000   1.0000          NULL 
349.0000    2    4.000   1.0000             B
353.0000    0    2.000   1.0000          NULL 
355.0000    1    2.000   1.0000             A
357.0000    2    4.000   1.0000             B
361.0000    0    3.000   1.0000          NULL 
364.0000    1    2.000   1.0000             A
366.0000    0    5.000   1.0000          NULL 
371.0000    3    6.000   1.0000             C
377.0000    0    1.000   1.0000          NULL 
378.0000    1    2.000   1.0000             A
380.0000    0    2.000   1.0000          NULL 
382.0000    1    2.000   1.0000             A
384.0000    0    3.000   1.0000          NULL 
387.0000    1    2.000   1.0000             A
389.0000    0    6.000   1.0000          NULL 
395.0000    3    6.000   1.0000             C
401.0000    3    6.000   1.0000             C
407.0000    1    2.000   1.0000             A
409.0000    1    2.000   1.0000             A
411.0000    1    2.000   1.0000             A
413.0000    0    1.000   1.0000          NULL 
414.0000    2    4.000   1.0000             B
418.0000    1    2.000   1.0000             A
420.0000    0    5.000   1.0000          NULL 
425.0000    2    4.000   1.0000             B
429.0000    3    6.000   1.0000             C
435.0000    3    6.000   1.0000             C
441.0000    0    2.000   1.0000          NULL 
443.0000    1    2.000   1.0000             A
445.0000    0    3.000   1.0000          NULL 
448.0000    1    2.000   1.0000             A
450.0000    0    1.000   1.0000          NULL 
451.0000    2    4.000   1.0000             B
455.0000    1    2.000   1.0000             A
457.0000    3    6.000   1.0000             C
463.0000    2    4.000   1.0000             B
467.0000    1    2.000   1.0000             A
469.0000    0    4.000   1.0000          NULL 
473.0000    2    4.000   1.0000             B
477.0000    0    3.000   1.0000          NULL 
