  0.0000    1    2.000   1.0000             A
  2.0000    2    4.000   1.0000             B
  6.0000    1    2.000   1.0000             A
  8.0000    1    2.000   1.0000             A
 10.0000    0    1.000   1.0000          NULL 
 11.0000    2    4.000   1.0000             B
 15.0000    0    8.000   1.0000          NULL 
 23.0000    3    6.000   1.0000             C
 29.0000    2    4.000   1.0000             B
 33.0000    3    6.000   1.0000             C
 39.0000    1    2.000   1.0000             A
 41.0000    0    1.000   1.0000          NULL 
 42.0000    2    4.000   1.0000             B
 46.0000    0    1.000   1.0000          NULL 
 47.0000    3    6.000   1.0000             C
 53.0000    1    2.000   1.0000             A
 55.0000    0    2.000   1.0000          NULL 
 57.0000    3    6.000   1.0000             C
 63.0000    0    3.000   1.0000          NULL 
 66.0000    1    2.000   1.0000             A
 68.0000    0    2.000   1.0000          NULL 
 70.0000    1    2.000   1.0000             A
 72.0000    0    2.000   1.0000          NULL 
 74.0000    1    2.000   1.0000             A
 76.0000    0    2.000   1.0000          NULL 
 78.0000    2    4.000   1.0000             B
 82.0000    1    2.000   1.0000             A
 84.0000    3    6.000   1.0000             C
 90.0000    0    4.000   1.0000          NULL 
 94.0000    1    2.000   1.0000             A
 96.0000    0    2.000   1.0000          NULL 
 98.0000    1    2.000   1.0000             A
100.0000    0    5.000   1.0000          NULL 
105.0000    2    4.000   1.0000             B
109.0000    0    2.000   1.0000          NULL 
111.0000    1    2.000   1.0000             A
113.0000    0    5.000   1.0000          NULL 
118.0000    2    4.000   1.0000             B
122.0000    0    1.000   1.0000          NULL 
123.0000    3    6.000   1.0000             C
129.0000    0    4.000   1.0000          NULL 
133.0000    1    2.000   1.0000             A
135.0000    0    3.000   1.0000          NULL 
138.0000    3    6.000   1.0000             C
144.0000    3    6.000   1.0000             C
150.0000    0    1.000   1.0000          NULL 
151.0000    3    6.000   1.0000             C
157.0000    0    2.000   1.0000          NULL 
159.0000    2    4.000   1.0000             B
163.0000    0    5.000   1.0000          NULL 
168.0000    3    6.000   1.0000             C
174.0000    0    2.000   1.0000          NULL 
176.0000    3    6.000   1.0000             C
182.0000    0    1.000   1.0000          NULL 
183.0000    1    2.000   1.0000             A
185.0000    0    1.000   1.0000          NULL 
186.0000    1    2.000   1.0000             A
188.0000    0    2.000   1.0000          NULL 
190.0000    3    6.000   1.0000             C
196.0000    3    6.000   1.0000             C
202.0000    3    6.000   1.0000             C
208.0000    3    6.000   1.0000             C
214.0000    1    2.000   1.0000             A
216.0000    0    4.000   1.0000          NULL 
220.0000    2    4.000   1.0000             B
224.0000    0    5.000   1.0000          NULL 
229.0000    1    2.000   1.0000             A
231.0000    0    7.000   1.0000          NULL 
238.0000    1    2.000   1.0000             A
240.0000    1    2.000   1.0000             A
242.0000    3    6.000   1.0000             C
248.0000    0    1.000   1.0000          NULL 
249.0000    2    4.000   1.0000             B
253.0000    3    6.000   1.0000             C
259.0000    0    1.000   1.0000          NULL 
260.0000    3    6.000   1.0000             C
266.0000    0    6.000   1.0000          NULL 
272.0000    2    4.000   1.0000             B
276.0000    2    4.000   1.0000             B
280.0000    2    4.000   1.0000             B
284.0000    0    4.000   1.0000          NULL 
288.0000    1    2.000   1.0000             A
290.0000    3    6.000   1.0000             C
296.0000    0    5.000   1.0000          NULL 
301.0000    1    2.000   1.0000             A
303.0000    1    2.000   1.0000             A
305.0000    0    2.000   1.0000          NULL 
307.0000    3    6.000   1.0000             C
313.0000    0    1.000   1.0000          NULL 
314.0000    1    2.000   1.0000             A
316.0000    0    1.000   1.0000          NULL 
317.0000    2    4.000   1.0000             B
321.0000    0    3.000   1.0000          NULL 
324.0000    3    6.000   1.0000             C
330.0000    0    1.000   1.0000          NULL 
331.0000    3    6.000   1.0000             C
337.0000    0    2.000   1.0000          NULL 
339.0000    3    6.000   1.0000             C
345.0000    1    2.000   1.0000             A
347.0000    2    4.000   1.0000             B
351.0000    0    1.000   1.0000          NULL 
352.0000    2    4.000   1.0000             B
356.0000    1    2.000   1.0000             A
358.0000    2    4.000   1.0000             B
362.0000    0    3.000   1.0000          NULL 
365.0000    2    4.000   1.0000             B
369.0000    1    2.000   1.0000             A
371.0000    0    1.000   1.0000          NULL 
372.0000    1    2.000   1.0000             A
374.0000    1    2.000   1.0000             A
376.0000    0    3.000   1.0000          NULL 
379.0000    1    2.000   1.0000             A
381.0000    1    2.000   1.0000             A
383.0000    1    2.000   1.0000             A
385.0000    1    2.000   1.0000             A
387.0000    3    6.000   1.0000             C
393.0000    2    4.000   1.0000             B
397.0000    0    6.000   1.0000          NULL 
403.0000    1    2.000   1.0000             A
405.0000    1    2.000   1.0000             A
407.0000    0    2.000   1.0000          NULL 
409.0000    1    2.000   1.0000             A
411.0000    3    6.000   1.0000             C
417.0000    3    6.000   1.0000             C
423.0000    0    1.000   1.0000          NULL 
424.0000    3    6.000   1.0000             C
430.0000    0    4.000   1.0000          NULL 
434.0000    1    2.000   1.0000             A
436.0000    0    4.000   1.0000          NULL 
440.0000    3    6.000   1.0000             C
446.0000    0    1.000   1.0000          NULL 
447.0000    1    2.000   1.0000             A
449.0000    2    4.000   1.0000             B
453.0000    0    1.000   1.0000          NULL 
454.0000    3    6.000   1.0000             C
460.0000    0    2.000   1.0000          NULL 
462.0000    1    2.000   1.0000             A
464.0000    0    2.000   1.0000          NULL 
466.0000    1    2.000   1.0000             A
468.0000    0    1.000   1.0000          NULL 
469.0000    3    6.000   1.0000             C
475.0000    0    1.000   1.0000          NULL 
476.0000    1    2.000   1.0000             A
478.0000    0    2.000   1.0000          NULL 
