  0.0000    1    2.000   1.0000             A
  2.0000    3    6.000   1.0000             C
  8.0000    0    2.000   1.0000          NULL 
 10.0000    2    4.000   1.0000             B
 14.0000    0    2.000   1.0000          NULL 
 16.0000    3    6.000   1.0000             C
 22.0000    0    6.000   1.0000          NULL 
 28.0000    1    2.000   1.0000             A
 30.0000    0    1.000   1.0000          NULL 
 31.0000    1    2.000   1.0000             A
 33.0000    0    1.000   1.0000          NULL 
 34.0000    2    4.000   1.0000             B
 38.0000    0    1.000   1.0000          NULL 
 39.0000    2    4.000   1.0000             B
 43.0000    1    2.000   1.0000             A
 45.0000    0    1.000   1.0000          NULL 
 46.0000    3    6.000   1.0000             C
 52.0000    0    1.000   1.0000          NULL 
 53.0000    2    4.000   1.0000             B
 57.0000    0    1.000   1.0000          NULL 
 58.0000    1    2.000   1.0000             A
 60.0000    0    2.000   1.0000          NULL 
 62.0000    1    2.000   1.0000             A
 64.0000    1    2.000   1.0000             A
 66.0000    0    5.000   1.0000          NULL 
 71.0000    3    6.000   1.0000             C
 77.0000    0    1.000   1.0000          NULL 
 78.0000    3    6.000   1.0000             C
 84.0000    0    5.000   1.0000          NULL 
 89.0000    1    2.000   1.0000             A
 91.0000    1    2.000   1.0000             A
 93.0000    0    3.000   1.0000          NULL 
 96.0000    1    2.000   1.0000             A
 98.0000    0    1.000   1.0000          NULL 
 99.0000    3    6.000   1.0000             C
105.0000    0    2.000   1.0000          NULL 
107.0000    1    2.000   1.0000             A
109.0000    0    4.000   1.0000          NULL 
113.0000    2    4.000   1.0000             B
117.0000    1    2.000   1.0000             A
119.0000    0    1.000   1.0000          NULL 
120.0000    3    6.000   1.0000             C
126.0000    0    5.000   1.0000          NULL 
131.0000    3    6.000   1.0000             C
137.0000    3    6.000   1.0000             C
143.0000    1    2.000   1.0000             A
145.0000    3    6.000   1.0000             C
151.0000    0    4.000   1.0000          NULL 
155.0000    2    4.000   1.0000             B
159.0000    0    1.000   1.0000          NULL 
160.0000    2    4.000   1.0000             B
164.0000    0    2.000   1.0000          NULL 
166.0000    1    2.000   1.0000             A
168.0000    2    4.000   1.0000             B
172.0000    3    6.000   1.0000             C
178.0000    1    2.000   1.0000             A
180.0000    0    3.000   1.0000          NULL 
183.0000    1    2.000   1.0000             A
185.0000    2    4.000   1.0000             B
189.0000    3    6.000   1.0000             C
195.0000    3    6.000   1.0000             C
201.0000    0    1.000   1.0000          NULL 
202.0000    1    2.000   1.0000             A
204.0000    0    2.000   1.0000          NULL 
206.0000    2    4.000   1.0000             B
210.0000    0    1.000   1.0000          NULL 
211.0000    2    4.000   1.0000             B
215.0000    0    1.000   1.0000          NULL 
216.0000    3    6.000   1.0000             C
222.0000    0    1.000   1.0000          NULL 
223.0000    1    2.000   1.0000             A
225.0000    0    5.000   1.0000          NULL 
230.0000    2    4.000   1.0000             B
234.0000    0    1.000   1.0000          NULL 
235.0000    1    2.000   1.0000             A
237.0000    0    1.000   1.0000          NULL 
238.0000    1    2.000   1.0000             A
240.0000    0    2.000   1.0000          NULL 
242.0000    1    2.000   1.0000             A
244.0000    0    2.000   1.0000          NULL 
246.0000    3    6.000   1.0000             C
252.0000    0    1.000   1.0000          NULL 
253.0000    1    2.000   1.0000             A
255.0000    1    2.000   1.0000             A
257.0000    0    5.000   1.0000          NULL 
262.0000    1    2.000   1.0000             A
264.0000    0    2.000   1.0000          NULL 
266.0000    1    2.000   1.0000             A
268.0000    0    1.000   1.0000          NULL 
269.0000    2    4.000   1.0000             B
273.0000    0    2.000   1.0000          NULL 
275.0000    1    2.000   1.0000             A
277.0000    0    1.000   1.0000          NULL 
278.0000    1    2.000   1.0000             A
280.0000    2    4.000   1.0000             B
284.0000    0    5.000   1.0000          NULL 
289.0000    3    6.000   1.0000             C
295.0000    1    2.000   1.0000             A
297.0000    2    4.000   1.0000             B
301.0000    0    1.000   1.0000          NULL 
302.0000    2    4.000   1.0000             B
306.0000    3    6.000   1.0000             C
312.0000    0    4.000   1.0000          NULL 
316.0000    1    2.000   1.0000             A
318.0000    0    5.000   1.0000          NULL 
323.0000    3    6.000   1.0000             C
329.0000    0    1.000   1.0000          NULL 
330.0000    1    2.000   1.0000             A
332.0000    1    2.000   1.0000             A
334.0000    1    2.000   1.0000             A
336.0000    0    3.000   1.0000          NULL 
339.0000    1    2.000   1.0000             A
341.0000    3    6.000   1.0000             C
347.0000    0    1.000   1.0000          NULL 
348.0000    3    6.000   1.0000             C
354.0000    0    3.000   1.0000          NULL 
357.0000    1    2.000   1.0000             A
359.0000    0    3.000   1.0000          NULL 
362.0000    1    2.000   1.0000             A
364.0000    0    1.000   1.0000          NULL 
365.0000    1    2.000   1.0000             A
367.0000    2    4.000   1.0000             B
371.0000    0    3.000   1.0000          NULL 
374.0000    3    6.000   1.0000             C
380.0000    3    6.000   1.0000             C
386.0000    0    4.000   1.0000          NULL 
390.0000    2    4.000   1.0000             B
394.0000    0    1.000   1.0000          NULL 
395.0000    3    6.000   1.0000             C
401.0000    0    2.000   1.0000          NULL 
403.0000    2    4.000   1.0000             B
407.0000    3    6.000   1.0000             C
413.0000    0    2.000   1.0000          NULL 
415.0000    3    6.000   1.0000             C
421.0000    3    6.000   1.0000             C
427.0000    3    6.000   1.0000             C
433.0000    0    3.000   1.0000          NULL 
436.0000    3    6.000   1.0000             C
442.0000    1    2.000   1.0000             A
444.0000    0    3.000   1.0000          NULL 
447.0000    1    2.000   1.0000             A
449.0000    0    4.000   1.0000          NULL 
453.0000    1    2.000   1.0000             A
455.0000    0    1.000   1.0000          NULL 
456.0000    2    4.000   1.0000             B
460.0000    0    3.000   1.0000          NULL 
463.0000    1    2.000   1.0000             A
465.0000    0    1.000   1.0000          NULL 
466.0000    3    6.000   1.0000             C
472.0000    0    2.000   1.0000          NULL 
474.0000    3    6.000   1.0000             C
