  0.0000    1    2.000   1.0000             A
  2.0000    2    4.000   1.0000             B
  6.0000    2    4.000   1.0000             B
 10.0000    0    2.000   1.0000          NULL 
 12.0000    1    2.000   1.0000             A
 14.0000    0    5.000   1.0000          NULL 
 19.0000    2    4.000   1.0000             B
 23.0000    2    4.000   1.0000             B
 27.0000    1    2.000   1.0000             A
 29.0000    1    2.000   1.0000             A
 31.0000    3    6.000   1.0000             C
 37.0000    1    2.000   1.0000             A
 39.0000    0    2.000   1.0000          NULL 
 41.0000    2    4.000   1.0000             B
 45.0000    0    2.000   1.0000          NULL 
 47.0000    1    2.000   1.0000             A
 49.0000    0    1.000   1.0000          NULL 
 50.0000    2    4.000   1.0000             B
 54.0000    0    1.000   1.0000          NULL 
 55.0000    1    2.000   1.0000             A
 57.0000    0    1.000   1.0000          NULL 
 58.0000    3    6.000   1.0000             C
 64.0000    0    1.000   1.0000          NULL 
 65.0000    3    6.000   1.0000             C
 71.0000    0    2.000   1.0000          NULL 
 73.0000    3    6.000   1.0000             C
 79.0000    2    4.000   1.0000             B
 83.0000    3    6.000   1.0000             C
 89.0000    2    4.000   1.0000             B
 93.0000    3    6.000   1.0000             C
 99.0000    0    3.000   1.0000          NULL 
102.0000    1    2.000   1.0000             A
104.0000    0    4.000   1.0000          NULL 
108.0000    3    6.000   1.0000             C
114.0000    0    1.000   1.0000          NULL 
115.0000    3    6.000   1.0000             C
121.0000    0    1.000   1.0000          NULL 
122.0000    2    4.000   1.0000             B
126.0000    0    1.000   1.0000          NULL 
127.0000    1    2.000   1.0000             A
129.0000    0    3.000   1.0000          NULL 
132.0000    1    2.000   1.0000             A
134.0000    1    2.000   1.0000             A
136.0000    0    2.000   1.0000          NULL 
138.0000    1    2.000   1.0000             A
140.0000    0    2.000   1.0000          NULL 
142.0000    3    6.000   1.0000             C
148.0000    0    4.000   1.0000          NULL 
152.0000    2    4.000   1.0000             B
156.0000    0    1.000   1.0000          NULL 
157.0000    1    2.000   1.0000             A
159.0000    1    2.000   1.0000             A
161.0000    0    1.000   1.0000          NULL 
162.0000    1    2.000   1.0000             A
164.0000    1    2.000   1.0000             A
166.0000    0    1.000   1.0000          NULL 
167.0000    3    6.000   1.0000             C
173.0000    0    1.000   1.0000          NULL 
174.0000    3    6.000   1.0000             C
180.0000    3    6.000   1.0000             C
186.0000    3    6.000   1.0000             C
192.0000    0    4.000   1.0000          NULL 
196.0000    3    6.000   1.0000             C
202.0000    0    5.000   1.0000          NULL 
207.0000    2    4.000   1.0000             B
211.0000    0    1.000   1.0000          NULL 
212.0000    2    4.000   1.0000             B
216.0000    0    3.000   1.0000          NULL 
219.0000    3    6.000   1.0000             C
225.0000    0    5.000   1.0000          NULL 
230.0000    1    2.000   1.0000             A
232.0000    2    4.000   1.0000             B
236.0000    3    6.000   1.0000             C
242.0000    2    4.000   1.0000             B
246.0000    2    4.000   1.0000             B
250.0000    0    2.000   1.0000          NULL 
252.0000    1    2.000   1.0000             A
254.0000    0    3.000   1.0000          NULL 
257.0000    3    6.000   1.0000             C
263.0000    2    4.000   1.0000             B
267.0000    0    2.000   1.0000          NULL 
269.0000    2    4.000   1.0000             B
273.0000    0    6.000   1.0000          NULL 
279.0000    1    2.000   1.0000             A
281.0000    0    1.000   1.0000          NULL 
282.0000    1    2.000   1.0000             A
284.0000    3    6.000   1.0000             C
290.0000    0    1.000   1.0000          NULL 
291.0000    1    2.000   1.0000             A
293.0000    0    2.000   1.0000          NULL 
295.0000    3    6.000   1.0000             C
301.0000    1    2.000   1.0000             A
303.0000    2    4.000   1.0000             B
307.0000    0    3.000   1.0000          NULL 
310.0000    2    4.000   1.0000             B
314.0000    3    6.000   1.0000             C
320.0000    0    1.000   1.0000          NULL 
321.0000    1    2.000   1.0000             A
323.0000    0    1.000   1.0000          NULL 
324.0000    1    2.000   1.0000             A
326.0000    0    5.000   1.0000          NULL 
331.0000    1    2.000   1.0000             A
333.0000    3    6.000   1.0000             C
339.0000    1    2.000   1.0000             A
341.0000    1    2.000   1.0000             A
343.0000    0    2.000   1.0000          NULL 
345.0000    1    2.000   1.0000             A
347.0000    1    2.000   1.0000             A
349.0000    0    2.000   1.0000          NULL 
351.0000    1    2.000   1.0000             A
353.0000    0    5.000   1.0000          NULL 
358.0000    1    2.000   1.0000             A
360.0000    1    2.000   1.0000             A
362.0000    1    2.000   1.0000             A
364.0000    0    1.000   1.0000          NULL 
365.0000    1    2.000   1.0000             A
367.0000    1    2.000   1.0000             A
369.0000    0    3.000   1.0000          NULL 
372.0000    2    4.000   1.0000             B
376.0000    0    1.000   1.0000          NULL 
377.0000    3    6.000   1.0000             C
383.0000    0    3.000   1.0000          NULL 
386.0000    3    6.000   1.0000             C
392.0000    0    1.000   1.0000          NULL 
393.0000    3    6.000   1.0000             C
399.0000    0    7.000   1.0000          NULL 
406.0000    3    6.000   1.0000             C
412.0000    0    3.000   1.0000          NULL 
415.0000    3    6.000   1.0000             C
421.0000    0    1.000   1.0000          NULL 
422.0000    1    2.000   1.0000             A
424.0000    1    2.000   1.0000             A
426.0000    0    2.000   1.0000          NULL 
428.0000    3    6.000   1.0000             C
434.0000    0    4.000   1.0000          NULL 
438.0000    3    6.000   1.0000             C
444.0000    0    2.000   1.0000          NULL 
446.0000    1    2.000   1.0000             A
448.0000    0    4.000   1.0000          NULL 
452.0000    3    6.000   1.0000             C
458.0000    1    2.000   1.0000             A
460.0000    0    3.000   1.0000          NULL 
463.0000    1    2.000   1.0000             A
465.0000    0    2.000   1.0000          NULL 
467.0000    3    6.000   1.0000             C
473.0000    0    7.000   1.0000          NULL 
