  0.0000    1    2.000   1.0000             A
  2.0000    0    1.000   1.0000          NULL 
  3.0000    1    2.000   1.0000             A
  5.0000    0    2.000   1.0000          NULL 
  7.0000    1    2.000   1.0000             A
  9.0000    3    6.000   1.0000             C
 15.0000    1    2.000   1.0000             A
 17.0000    0    1.000   1.0000          NULL 
 18.0000    1    2.000   1.0000             A
 20.0000    1    2.000   1.0000             A
 22.0000    0    1.000   1.0000          NULL 
 23.0000    3    6.000   1.0000             C
 29.0000    0    1.000   1.0000          NULL 
 30.0000    3    6.000   1.0000             C
 36.0000    0    2.000   1.0000          NULL 
 38.0000    3    6.000   1.0000             C
 44.0000    0    1.000   1.0000          NULL 
 45.0000    2    4.000   1.0000             B
 49.0000    2    4.000   1.0000             B
 53.0000    0    3.000   1.0000          NULL 
 56.0000    1    2.000   1.0000             A
 58.0000    1    2.000   1.0000             A
 60.0000    1    2.000   1.0000             A
 62.0000    0    1.000   1.0000          NULL 
 63.0000    3    6.000   1.0000             C
 69.0000    0    9.000   1.0000          NULL 
 78.0000    1    2.000   1.0000             A
 80.0000    3    6.000   1.0000             C
 86.0000    0    4.000   1.0000          NULL 
 90.0000    2    4.000   1.0000             B
 94.0000    1    2.000   1.0000             A
 96.0000    3    6.000   1.0000             C
102.0000    1    2.000   1.0000             A
104.0000    0    1.000   1.0000          NULL 
105.0000    3    6.000   1.0000             C
111.0000    3    6.000   1.0000             C
117.0000    3    6.000   1.0000             C
123.0000    0    1.000   1.0000          NULL 
124.0000    1    2.000   1.0000             A
126.0000    3    6.000   1.0000             C
132.0000    0    1.000   1.0000          NULL 
133.0000    1    2.000   1.0000             A
135.0000    0    3.000   1.0000          NULL 
138.0000    1    2.000   1.0000             A
140.0000    0    1.000   1.0000          NULL 
141.0000    1    2.000   1.0000             A
143.0000    0    1.000   1.0000          NULL 
144.0000    1    2.000   1.0000             A
146.0000    0    1.000   1.0000          NULL 
147.0000    3    6.000   1.0000             C
153.0000    0    3.000   1.0000          NULL 
156.0000    1    2.000   1.0000             A
158.0000    0    2.000   1.0000          NULL 
160.0000    2    4.000   1.0000             B
164.0000    0    1.000   1.0000          NULL 
165.0000    2    4.000   1.0000             B
169.0000    0    3.000   1.0000          NULL 
172.0000    2    4.000   1.0000             B
176.0000    0    2.000   1.0000          NULL 
178.0000    1    2.000   1.0000             A
180.0000    0    1.000   1.0000          NULL 
181.0000    1    2.000   1.0000             A
183.0000    0    2.000   1.0000          NULL 
185.0000    3    6.000   1.0000             C
191.0000    2    4.000   1.0000             B
195.0000    0    1.000   1.0000          NULL 
196.0000    3    6.000   1.0000             C
202.0000    1    2.000   1.0000             A
204.0000    3    6.000   1.0000             C
210.0000    0    7.000   1.0000          NULL 
217.0000    3    6.000   1.0000             C
223.0000    0    1.000   1.0000          NULL 
224.0000    3    6.000   1.0000             C
230.0000    1    2.000   1.0000             A
232.0000    1    2.000   1.0000             A
234.0000    0   10.000   1.0000          NULL 
244.0000    2    4.000   1.0000             B
248.0000    3    6.000   1.0000             C
254.0000    0    2.000   1.0000          NULL 
256.0000    2    4.000   1.0000             B
260.0000    0    6.000   1.0000          NULL 
266.0000    1    2.000   1.0000             A
268.0000    0    1.000   1.0000          NULL 
269.0000    2    4.000   1.0000             B
273.0000    0    4.000   1.0000          NULL 
277.0000    3    6.000   1.0000             C
283.0000    0    3.000   1.0000          NULL 
286.0000    1    2.000   1.0000             A
288.0000    2    4.000   1.0000             B
292.0000    0    1.000   1.0000          NULL 
293.0000    1    2.000   1.0000             A
295.0000    0    1.000   1.0000          NULL 
296.0000    1    2.000   1.0000             A
298.0000    0    3.000   1.0000          NULL 
301.0000    1    2.000   1.0000             A
303.0000    1    2.000   1.0000             A
305.0000    0    6.000   1.0000          NULL 
311.0000    3    6.000   1.0000             C
317.0000    0    6.000   1.0000          NULL 
323.0000    3    6.000   1.0000             C
329.0000    2    4.000   1.0000             B
333.0000    3    6.000   1.0000             C
339.0000    0    2.000   1.0000          NULL 
341.0000    2    4.000   1.0000             B
345.0000    0    2.000   1.0000          NULL 
347.0000    3    6.000   1.0000             C
353.0000    1    2.000   1.0000             A
355.0000    3    6.000   1.0000             C
361.0000    0    2.000   1.0000          NULL 
363.0000    1    2.000   1.0000             A
365.0000    2    4.000   1.0000             B
369.0000    1    2.000   1.0000             A
371.0000    0    3.000   1.0000          NULL 
374.0000    2    4.000   1.0000             B
378.0000    2    4.000   1.0000             B
382.0000    1    2.000   1.0000             A
384.0000    3    6.000   1.0000             C
390.0000    0    1.000   1.0000          NULL 
391.0000    1    2.000   1.0000             A
393.0000    0    1.000   1.0000          NULL 
394.0000    3    6.000   1.0000             C
400.0000    2    4.000   1.0000             B
404.0000    0    3.000   1.0000          NULL 
407.0000    1    2.000   1.0000             A
409.0000    0    2.000   1.0000          NULL 
411.0000    1    2.000   1.0000             A
413.0000    0    1.000   1.0000          NULL 
414.0000    3    6.000   1.0000             C
420.0000    3    6.000   1.0000             C
426.0000    0    4.000   1.0000          NULL 
430.0000    1    2.000   1.0000             A
432.0000    0    3.000   1.0000          NULL 
435.0000    1    2.000   1.0000             A
437.0000    0    1.000   1.0000          NULL 
438.0000    2    4.000   1.0000             B
442.0000    0    1.000   1.0000          NULL 
443.0000    1    2.000   1.0000             A
445.0000    3    6.000   1.0000             C
451.0000    0    5.000   1.0000          NULL 
456.0000    2    4.000   1.0000             B
460.0000    0    1.000   1.0000          NULL 
461.0000    1    2.000   1.0000             A
463.0000    0    6.000   1.0000          NULL 
469.0000    2    4.000   1.0000             B
473.0000    0    1.000   1.0000          NULL 
474.0000    3    6.000   1.0000             C
