  0.0000    2    4.000   1.0000             B
  4.0000    1    2.000   1.0000             A
  6.0000    1    2.000   1.0000             A
  8.0000    3    6.000   1.0000             C
 14.0000    0    2.000   1.0000          NULL 
 16.0000    3    6.000   1.0000             C
 22.0000    3    6.000   1.0000             C
 28.0000    2    4.000   1.0000             B
 32.0000    2    4.000   1.0000             B
 36.0000    2    4.000   1.0000             B
 40.0000    1    2.000   1.0000             A
 42.0000    3    6.000   1.0000             C
 48.0000    2    4.000   1.0000             B
 52.0000    0    5.000   1.0000          NULL 
 57.0000    3    6.000   1.0000             C
 63.0000    0    3.000   1.0000          NULL 
 66.0000    3    6.000   1.0000             C
 72.0000    1    2.000   1.0000             A
 74.0000    0    3.000   1.0000          NULL 
 77.0000    1    2.000   1.0000             A
 79.0000    1    2.000   1.0000             A
 81.0000    1    2.000   1.0000             A
 83.0000    2    4.000   1.0000             B
 87.0000    0    2.000   1.0000          NULL 
 89.0000    1    2.000   1.0000             A
 91.0000    0    2.000   1.0000          NULL 
 93.0000    2    4.000   1.0000             B
 97.0000    0    3.000   1.0000          NULL 
100.0000    1    2.000   1.0000             A
102.0000    0    1.000   1.0000          NULL 
103.0000    1    2.000   1.0000             A
105.0000    3    6.000   1.0000             C
111.0000    3    6.000   1.0000             C
117.0000    1    2.000   1.0000             A
119.0000    0    1.000   1.0000          NULL 
120.0000    3    6.000   1.0000             C
126.0000    0    2.000   1.0000          NULL 
128.0000    3    6.000   1.0000             C
134.0000    0    9.000   1.0000          NULL 
143.0000    3    6.000   1.0000             C
149.0000    0    4.000   1.0000          NULL 
153.0000    2    4.000   1.0000             B
157.0000    3    6.000   1.0000             C
163.0000    0    1.000   1.0000          NULL 
164.0000    2    4.000   1.0000             B
168.0000    3    6.000   1.0000             C
174.0000    1    2.000   1.0000             A
176.0000    0    3.000   1.0000          NULL 
179.0000    2    4.000   1.0000             B
183.0000    3    6.000   1.0000             C
189.0000    0    7.000   1.0000          NULL 
196.0000    1    2.000   1.0000             A
198.0000    1    2.000   1.0000             A
200.0000    0    1.000   1.0000          NULL 
201.0000    2    4.000   1.0000             B
205.0000    2    4.000   1.0000             B
209.0000    0    2.000   1.0000          NULL 
211.0000    2    4.000   1.0000             B
215.0000    0    3.000   1.0000          NULL 
218.0000    3    6.000   1.0000             C
224.0000    0    1.000   1.0000          NULL 
225.0000    1    2.000   1.0000             A
227.0000    0    1.000   1.0000          NULL 
228.0000    1    2.000   1.0000             A
230.0000    2    4.000   1.0000             B
234.0000    0    6.000   1.0000          NULL 
240.0000    2    4.000   1.0000             B
244.0000    0    2.000   1.0000          NULL 
246.0000    1    2.000   1.0000             A
248.0000    1    2.000   1.0000             A
250.0000    0    7.000   1.0000          NULL 
257.0000    3    6.000   1.0000             C
263.0000    0    3.000   1.0000          NULL 
266.0000    3    6.000   1.0000             C
272.0000    0    4.000   1.0000          NULL 
276.0000    2    4.000   1.0000             B
280.0000    0    1.000   1.0000          NULL 
281.0000    1    2.000   1.0000             A
283.0000    0    1.000   1.0000          NULL 
284.0000    2    4.000   1.0000             B
288.0000    0    1.000   1.0000          NULL 
289.0000    2    4.000   1.0000             B
293.0000    0    3.000   1.0000          NULL 
296.0000    3    6.000   1.0000             C
302.0000    0    1.000   1.0000          NULL 
303.0000    1    2.000   1.0000             A
305.0000    0    5.000   1.0000          NULL 
310.0000    1    2.000   1.0000             A
312.0000    1    2.000   1.0000             A
314.0000    1    2.000   1.0000             A
316.0000    0    1.000   1.0000          NULL 
317.0000    1    2.000   1.0000             A
319.0000    3    6.000   1.0000             C
325.0000    1    2.000   1.0000             A
327.0000    0    4.000   1.0000          NULL 
331.0000    3    6.000   1.0000             C
337.0000    3    6.000   1.0000             C
343.0000    0    2.000   1.0000          NULL 
345.0000    3    6.000   1.0000             C
351.0000    1    2.000   1.0000             A
353.0000    1    2.000   1.0000             A
355.0000    0    4.000   1.0000          NULL 
359.0000    1    2.000   1.0000             A
361.0000    0    1.000   1.0000          NULL 
362.0000    1    2.000   1.0000             A
364.0000    0    2.000   1.0000          NULL 
366.0000    3    6.000   1.0000             C
372.0000    1    2.000   1.0000             A
374.0000    0    1.000   1.0000          NULL 
375.0000    3    6.000   1.0000             C
381.0000    0    2.000   1.0000          NULL 
383.0000    1    2.000   1.0000             A
385.0000    0    5.000   1.0000          NULL 
390.0000    1    2.000   1.0000             A
392.0000    0    3.000   1.0000          NULL 
395.0000    3    6.000   1.0000             C
401.0000    0    2.000   1.0000          NULL 
403.0000    3    6.000   1.0000             C
409.0000    0    4.000   1.0000          NULL 
413.0000    1    2.000   1.0000             A
415.0000    0    3.000   1.0000          NULL 
418.0000    3    6.000   1.0000             C
424.0000    1    2.000   1.0000             A
426.0000    3    6.000   1.0000             C
432.0000    0    9.000   1.0000          NULL 
441.0000    1    2.000   1.0000             A
443.0000    2    4.000   1.0000             B
447.0000    1    2.000   1.0000             A
449.0000    0    1.000   1.0000          NULL 
450.0000    1    2.000   1.0000             A
452.0000    0    1.000   1.0000          NULL 
453.0000    2    4.000   1.0000             B
457.0000    0    1.000   1.0000          NULL 
458.0000    1    2.000   1.0000             A
460.0000    0    1.000   1.0000          NULL 
461.0000    3    6.000   1.0000             C
467.0000    3    6.000   1.0000             C
473.0000    0    2.000   1.0000          NULL 
475.0000    1    2.000   1.0000             A
477.0000    0    1.000   1.0000          NULL 
478.0000    1    2.000   1.0000             A
