  0.0000    1    2.000   1.0000             A
  2.0000    1    2.000   1.0000             A
  4.0000    0    1.000   1.0000          NULL 
  5.0000    1    2.000   1.0000             A
  7.0000    0    3.000   1.0000          NULL 
 10.0000    2    4.000   1.0000             B
 14.0000    0    1.000   1.0000          NULL 
 15.0000    1    2.000   1.0000             A
 17.0000    0    6.000   1.0000          NULL 
 23.0000    2    4.000   1.0000             B
 27.0000    0    2.000   1.0000          NULL 
 29.0000    3    6.000   1.0000             C
 35.0000    0    4.000   1.0000          NULL 
 39.0000    3    6.000   1.0000             C
 45.0000    0    4.000   1.0000          NULL 
 49.0000    2    4.000   1.0000             B
 53.0000    0    1.000   1.0000          NULL 
 54.0000    1    2.000   1.0000             A
 56.0000    0    5.000   1.0000          NULL 
 61.0000    1    2.000   1.0000             A
 63.0000    2    4.000   1.0000             B
 67.0000    0    1.000   1.0000          NULL 
 68.0000    3    6.000   1.0000             C
 74.0000    0    1.000   1.0000          NULL 
 75.0000    2    4.000   1.0000             B
 79.0000    0    4.000   1.0000          NULL 
 83.0000    3    6.000   1.0000             C
 89.0000    1    2.000   1.0000             A
 91.0000    1    2.000   1.0000             A
 93.0000    0    1.000   1.0000          NULL 
 94.0000    2    4.000   1.0000             B
 98.0000    2    4.000   1.0000             B
102.0000    0    2.000   1.0000          NULL 
104.0000    3    6.000   1.0000             C
110.0000    0    4.000   1.0000          NULL 
114.0000    2    4.000   1.0000             B
118.0000    0    1.000   1.0000          NULL 
119.0000    3    6.000   1.0000             C
125.0000    2    4.000   1.0000             B
129.0000    1    2.000   1.0000             A
131.0000    0    1.000   1.0000          NULL 
132.0000    3    6.000   1.0000             C
138.0000    3    6.000   1.0000             C
144.0000    0    5.000   1.0000          NULL 
149.0000    3    6.000   1.0000             C
155.0000    0    5.000   1.0000          NULL 
160.0000    1    2.000   1.0000             A
162.0000    3    6.000   1.0000             C
168.0000    0    1.000   1.0000          NULL 
169.0000    2    4.000   1.0000             B
173.0000    0    4.000   1.0000          NULL 
177.0000    3    6.000   1.0000             C
183.0000    0    2.000   1.0000          NULL 
185.0000    1    2.000   1.0000             A
187.0000    1    2.000   1.0000             A
189.0000    0    2.000   1.0000          NULL 
191.0000    3    6.000   1.0000             C
197.0000    0    1.000   1.0000          NULL 
198.0000    1    2.000   1.0000             A
200.0000    3    6.000   1.0000             C
206.0000    0    3.000   1.0000          NULL 
209.0000    1    2.000   1.0000             A
211.0000    0    2.000   1.0000          NULL 
213.0000    3    6.000   1.0000             C
219.0000    0    3.000   1.0000          NULL 
222.0000    2    4.000   1.0000             B
226.0000    1    2.000   1.0000             A
228.0000    0    4.000   1.0000          NULL 
232.0000    1    2.000   1.0000             A
234.0000    3    6.000   1.0000             C
240.0000    0    1.000   1.0000          NULL 
241.0000    1    2.000   1.0000             A
243.0000    0    1.000   1.0000          NULL 
244.0000    1    2.000   1.0000             A
246.0000    0    1.000   1.0000          NULL 
247.0000    3    6.000   1.0000             C
253.0000    0    1.000   1.0000          NULL 
254.0000    1    2.000   1.0000             A
256.0000    0    6.000   1.0000          NULL 
262.0000    1    2.000   1.0000             A
264.0000    2    4.000   1.0000             B
268.0000    0    1.000   1.0000          NULL 
269.0000    2    4.000   1.0000             B
273.0000    2    4.000   1.0000             B
277.0000    0    1.000   1.0000          NULL 
278.0000    2    4.000   1.0000             B
282.0000    1    2.000   1.0000             A
284.0000    0    1.000   1.0000          NULL 
285.0000    2    4.000   1.0000             B
289.0000    0    3.000   1.0000          NULL 
292.0000    1    2.000   1.0000             A
294.0000    0    1.000   1.0000          NULL 
295.0000    3    6.000   1.0000             C
301.0000    0    2.000   1.0000          NULL 
303.0000    3    6.000   1.0000             C
309.0000    0    1.000   1.0000          NULL 
310.0000    1    2.000   1.0000             A
312.0000    3    6.000   1.0000             C
318.0000    0    2.000   1.0000          NULL 
320.0000    1    2.000   1.0000             A
322.0000    1    2.000   1.0000             A
324.0000    0    1.000   1.0000          NULL 
325.0000    1    2.000   1.0000             A
327.0000    1    2.000   1.0000             A
329.0000    0    1.000   1.0000          NULL 
330.0000    1    2.000   1.0000             A
332.0000    0    2.000   1.0000          NULL 
334.0000    3    6.000   1.0000             C
340.0000    0    2.000   1.0000          NULL 
342.0000    2    4.000   1.0000             B
346.0000    1    2.000   1.0000             A
348.0000    0    2.000   1.0000          NULL 
350.0000    1    2.000   1.0000             A
352.0000    3    6.000   1.0000             C
358.0000    1    2.000   1.0000             A
360.0000    1    2.000   1.0000             A
362.0000    0    2.000   1.0000          NULL 
364.0000    1    2.000   1.0000             A
366.0000    0    1.000   1.0000          NULL 
367.0000    1    2.000   1.0000             A
369.0000    0    2.000   1.0000          NULL 
371.0000    3    6.000   1.0000             C
377.0000    1    2.000   1.0000             A
379.0000    3    6.000   1.0000             C
385.0000    0    4.000   1.0000          NULL 
389.0000    1    2.000   1.0000             A
391.0000    0    4.000   1.0000          NULL 
395.0000    2    4.000   1.0000             B
399.0000    1    2.000   1.0000             A
401.0000    3    6.000   1.0000             C
407.0000    0    2.000   1.0000          NULL 
409.0000    1    2.000   1.0000             A
411.0000    0    1.000   1.0000          NULL 
412.0000    3    6.000   1.0000             C
418.0000    3    6.000   1.0000             C
424.0000    0    1.000   1.0000          NULL 
425.0000    1    2.000   1.0000             A
427.0000    0    5.000   1.0000          NULL 
432.0000    3    6.000   1.0000             C
438.0000    2    4.000   1.0000             B
442.0000    0    1.000   1.0000          NULL 
443.0000    1    2.000   1.0000             A
445.0000    0    5.000   1.0000          NULL 
450.0000    2    4.000   1.0000             B
454.0000    0    1.000   1.0000          NULL 
455.0000    3    6.000   1.0000             C
461.0000    0    5.000   1.0000          NULL 
466.0000    3    6.000   1.0000             C
472.0000    0    1.000   1.0000          NULL 
473.0000    3    6.000   1.0000             C
479.0000    0    1.000   1.0000          NULL 
