  0.0000    2    4.000   1.0000             B
  4.0000    0    2.000   1.0000          NULL 
  6.0000    1    2.000   1.0000             A
  8.0000    2    4.000   1.0000             B
 12.0000    0    4.000   1.0000          NULL 
 16.0000    3    6.000   1.0000             C
 22.0000    0    2.000   1.0000          NULL 
 24.0000    1    2.000   1.0000             A
 26.0000    1    2.000   1.0000             A
 28.0000    0    5.000   1.0000          NULL 
 33.0000    3    6.000   1.0000             C
 39.0000    1    2.000   1.0000             A
 41.0000    0    4.000   1.0000          NULL 
 45.0000    3    6.000   1.0000             C
 51.0000    0    2.000   1.0000          NULL 
 53.0000    1    2.000   1.0000             A
 55.0000    0    3.000   1.0000          NULL 
 58.0000    1    2.000   1.0000             A
 60.0000    1    2.000   1.0000             A
 62.0000    0    2.000   1.0000          NULL 
 64.0000    2    4.000   1.0000             B
 68.0000    0    6.000   1.0000          NULL 
 74.0000    1    2.000   1.0000             A
 76.0000    0    3.000   1.0000          NULL 
 79.0000    1    2.000   1.0000             A
 81.0000    0    3.000   1.0000          NULL 
 84.0000    3    6.000   1.0000             C
 90.0000    1    2.000   1.0000             A
 92.0000    0    1.000   1.0000          NULL 
 93.0000    1    2.000   1.0000             A
 95.0000    2    4.000   1.0000             B
 99.0000    0    2.000   1.0000          NULL 
101.0000    2    4.000   1.0000             B
105.0000    1    2.000   1.0000             A
107.0000    0    2.000   1.0000          NULL 
109.0000    1    2.000   1.0000             A
111.0000    0    1.000   1.0000          NULL 
112.0000    2    4.000   1.0000             B
116.0000    1    2.000   1.0000             A
118.0000    0    6.000   1.0000          NULL 
124.0000    2    4.000   1.0000             B
128.0000    1    2.000   1.0000             A
130.0000    0    5.000   1.0000          NULL 
135.0000    1    2.000   1.0000             A
137.0000    1    2.000   1.0000             A
139.0000    0    5.000   1.0000          NULL 
144.0000    3    6.000   1.0000             C
150.0000    1    2.000   1.0000             A
152.0000    0    1.000   1.0000          NULL 
153.0000    3    6.000   1.0000             C
159.0000    0    5.000   1.0000          NULL 
164.0000    2    4.000   1.0000             B
168.0000    0    3.000   1.0000          NULL 
171.0000    3    6.000   1.0000             C
177.0000    0    5.000   1.0000          NULL 
182.0000    1    2.000   1.0000             A
184.0000    1    2.000   1.0000             A
186.0000    1    2.000   1.0000             A
188.0000    3    6.000   1.0000             C
194.0000    0    2.000   1.0000          NULL 
196.0000    1    2.000   1.0000             A
198.0000    0    1.000   1.0000          NULL 
199.0000    3    6.000   1.0000             C
205.0000    2    4.000   1.0000             B
209.0000    2    4.000   1.0000             B
213.0000    2    4.000   1.0000             B
217.0000    0    1.000   1.0000          NULL 
218.0000    1    2.000   1.0000             A
220.0000    0    1.000   1.0000          NULL 
221.0000    3    6.000   1.0000             C
227.0000    0    3.000   1.0000          NULL 
230.0000    3    6.000   1.0000             C
236.0000    0    2.000   1.0000          NULL 
238.0000    3    6.000   1.0000             C
244.0000    0    5.000   1.0000          NULL 
249.0000    3    6.000   1.0000             C
255.0000    1    2.000   1.0000             A
257.0000    3    6.000   1.0000             C
263.0000    1    2.000   1.0000             A
265.0000    0    3.000   1.0000          NULL 
268.0000    1    2.000   1.0000             A
270.0000    0    1.000   1.0000          NULL 
271.0000    1    2.000   1.0000             A
273.0000    2    4.000   1.0000             B
277.0000    3    6.000   1.0000             C
283.0000    1    2.000   1.0000             A
285.0000    2    4.000   1.0000             B
289.0000    3    6.000   1.0000             C
295.0000    0    2.000   1.0000          NULL 
297.0000    2    4.000   1.0000             B
301.0000    0    4.000   1.0000          NULL 
305.0000    1    2.000   1.0000             A
307.0000    0    1.000   1.0000          NULL 
308.0000    3    6.000   1.0000             C
314.0000    0    1.000   1.0000          NULL 
315.0000    3    6.000   1.0000             C
321.0000    0    1.000   1.0000          NULL 
322.0000    1    2.000   1.0000             A
324.0000    3    6.000   1.0000             C
330.0000    0    5.000   1.0000          NULL 
335.0000    1    2.000   1.0000             A
337.0000    3    6.000   1.0000             C
343.0000    0    2.000   1.0000          NULL 
345.0000    3    6.000   1.0000             C
351.0000    0    1.000   1.0000          NULL 
352.0000    1    2.000   1.0000             A
354.0000    3    6.000   1.0000             C
360.0000    3    6.000   1.0000             C
366.0000    2    4.000   1.0000             B
370.0000    0    5.000   1.0000          NULL 
375.0000    1    2.000   1.0000             A
377.0000    0    1.000   1.0000          NULL 
378.0000    3    6.000   1.0000             C
384.0000    2    4.000   1.0000             B
388.0000    2    4.000   1.0000             B
392.0000    0    1.000   1.0000          NULL 
393.0000    3    6.000   1.0000             C
399.0000    0    2.000   1.0000          NULL 
401.0000    1    2.000   1.0000             A
403.0000    0    1.000   1.0000          NULL 
404.0000    1    2.000   1.0000             A
406.0000    0    1.000   1.0000          NULL 
407.0000    2    4.000   1.0000             B
411.0000    1    2.000   1.0000             A
413.0000    0    2.000   1.0000          NULL 
415.0000    2    4.000   1.0000             B
419.0000    1    2.000   1.0000             A
421.0000    2    4.000   1.0000             B
425.0000    0    5.000   1.0000          NULL 
430.0000    3    6.000   1.0000             C
436.0000    0    3.000   1.0000          NULL 
439.0000    1    2.000   1.0000             A
441.0000    0    2.000   1.0000          NULL 
443.0000    3    6.000   1.0000             C
449.0000    1    2.000   1.0000             A
451.0000    0    1.000   1.0000          NULL 
452.0000    1    2.000   1.0000             A
454.0000    0    3.000   1.0000          NULL 
457.0000    3    6.000   1.0000             C
463.0000    0    1.000   1.0000          NULL 
464.0000    3    6.000   1.0000             C
470.0000    0    4.000   1.0000          NULL 
474.0000    3    6.000   1.0000             C
