  0.0000    3    6.000   1.0000             C
  6.0000    2    4.000   1.0000             B
 10.0000    1    2.000   1.0000             A
 12.0000    0    2.000   1.0000          NULL 
 14.0000    1    2.000   1.0000             A
 16.0000    2    4.000   1.0000             B
 20.0000    0    5.000   1.0000          NULL 
 25.0000    1    2.000   1.0000             A
 27.0000    0    1.000   1.0000          NULL 
 28.0000    1    2.000   1.0000             A
 30.0000    0    6.000   1.0000          NULL 
 36.0000    3    6.000   1.0000             C
 42.0000    0    2.000   1.0000          NULL 
 44.0000    1    2.000   1.0000             A
 46.0000    0    6.000   1.0000          NULL 
 52.0000    1    2.000   1.0000             A
 54.0000    0    1.000   1.0000          NULL 
 55.0000    1    2.000   1.0000             A
 57.0000    0    1.000   1.0000          NULL 
 58.0000    3    6.000   1.0000             C
 64.0000    1    2.000   1.0000             A
 66.0000    0    6.000   1.0000          NULL 
 72.0000    3    6.000   1.0000             C
 78.0000    0    2.000   1.0000          NULL 
 80.0000    3    6.000   1.0000             C
 86.0000    1    2.000   1.0000             A
 88.0000    0    1.000   1.0000          NULL 
 89.0000    1    2.000   1.0000             A
 91.0000    1    2.000   1.0000             A
 93.0000    2    4.000   1.0000             B
 97.0000    0    6.000   1.0000          NULL 
103.0000    3    6.000   1.0000             C
109.0000    0    1.000   1.0000          NULL 
110.0000    1    2.000   1.0000             A
112.0000    1    2.000   1.0000             A
114.0000    1    2.000   1.0000             A
116.0000    3    6.000   1.0000             C
122.0000    0    3.000   1.0000          NULL 
125.0000    3    6.000   1.0000             C
131.0000    0    1.000   1.0000          NULL 
132.0000    2    4.000   1.0000             B
136.0000    2    4.000   1.0000             B
140.0000    0    3.000   1.0000          NULL 
143.0000    1    2.000   1.0000             A
145.0000    2    4.000   1.0000             B
149.0000    2    4.000   1.0000             B
153.0000    0    1.000   1.0000          NULL 
154.0000    1    2.000   1.0000             A
156.0000    2    4.000   1.0000             B
160.0000    0    1.000   1.0000          NULL 
161.0000    1    2.000   1.0000             A
163.0000    0    2.000   1.0000          NULL 
165.0000    3    6.000   1.0000             C
171.0000    0    1.000   1.0000          NULL 
172.0000    1    2.000   1.0000             A
174.0000    2    4.000   1.0000             B
178.0000    0    1.000   1.0000          NULL 
179.0000    1    2.000   1.0000             A
181.0000    0    1.000   1.0000          NULL 
182.0000    2    4.000   1.0000             B
186.0000    0    1.000   1.0000          NULL 
187.0000    2    4.000   1.0000             B
191.0000    0    2.000   1.0000          NULL 
193.0000    2    4.000   1.0000             B
197.0000    0    4.000   1.0000          NULL 
201.0000    3    6.000   1.0000             C
207.0000    3    6.000   1.0000             C
213.0000    0    4.000   1.0000          NULL 
217.0000    2    4.000   1.0000             B
221.0000    1    2.000   1.0000             A
223.0000    0    4.000   1.0000          NULL 
227.0000    3    6.000   1.0000             C
233.0000    0    1.000   1.0000          NULL 
234.0000    3    6.000   1.0000             C
240.0000    0    1.000   1.0000          NULL 
241.0000    1    2.000   1.0000             A
243.0000    0    5.000   1.0000          NULL 
248.0000    1    2.000   1.0000             A
250.0000    0    1.000   1.0000          NULL 
251.0000    3    6.000   1.0000             C
257.0000    3    6.000   1.0000             C
263.0000    0    2.000   1.0000          NULL 
265.0000    3    6.000   1.0000             C
271.0000    2    4.000   1.0000             B
275.0000    0    2.000   1.0000          NULL 
277.0000    3    6.000   1.0000             C
283.0000    0    5.000   1.0000          NULL 
288.0000    3    6.000   1.0000             C
294.0000    0    1.000   1.0000          NULL 
295.0000    3    6.000   1.0000             C
301.0000    3    6.000   1.0000             C
307.0000    3    6.000   1.0000             C
313.0000    0    2.000   1.0000          NULL 
315.0000    1    2.000   1.0000             A
317.0000    0    1.000   1.0000          NULL 
318.0000    1    2.000   1.0000             A
320.0000    0    6.000   1.0000          NULL 
326.0000    3    6.000   1.0000             C
332.0000    1    2.000   1.0000             A
334.0000    0    3.000   1.0000          NULL 
337.0000    3    6.000   1.0000             C
343.0000    1    2.000   1.0000             A
345.0000    0    1.000   1.0000          NULL 
346.0000    1    2.000   1.0000             A
348.0000    0    4.000   1.0000          NULL 
352.0000    2    4.000   1.0000             B
356.0000    0    4.000   1.0000          NULL 
360.0000    1    2.000   1.0000             A
362.0000    0    4.000   1.0000          NULL 
366.0000    2    4.000   1.0000             B
370.0000    2    4.000   1.0000             B
374.0000    0    2.000   1.0000          NULL 
376.0000    1    2.000   1.0000             A
378.0000    0    3.000   1.0000          NULL 
381.0000    1    2.000   1.0000             A
383.0000    0    4.000   1.0000          NULL 
387.0000    1    2.000   1.0000             A
389.0000    1    2.000   1.0000             A
391.0000    3    6.000   1.0000             C
397.0000    3    6.000   1.0000             C
403.0000    1    2.000   1.0000             A
405.0000    0    1.000   1.0000          NULL 
406.0000    3    6.000   1.0000             C
412.0000    0    2.000   1.0000          NULL 
414.0000    1    2.000   1.0000             A
416.0000    0    3.000   1.0000          NULL 
419.0000    2    4.000   1.0000             B
423.0000    0    2.000   1.0000          NULL 
425.0000    1    2.000   1.0000             A
427.0000    3    6.000   1.0000             C
433.0000    3    6.000   1.0000             C
439.0000    1    2.000   1.0000             A
441.0000    0    3.000   1.0000          NULL 
444.0000    1    2.000   1.0000             A
446.0000    0    1.000   1.0000          NULL 
447.0000    2    4.000   1.0000             B
451.0000    3    6.000   1.0000             C
457.0000    0    1.000   1.0000          NULL 
458.0000    1    2.000   1.0000             A
460.0000    1    2.000   1.0000             A
462.0000    3    6.000   1.0000             C
468.0000    0    4.000   1.0000          NULL 
472.0000    2    4.000   1.0000             B
476.0000    1    2.000   1.0000             A
478.0000    0    2.000   1.0000          NULL 
