  0.0000    1    2.000   1.0000             A
  2.0000    0    2.000   1.0000          NULL 
  4.0000    2    4.000   1.0000             B
  8.0000    0    3.000   1.0000          NULL 
 11.0000    2    4.000   1.0000             B
 15.0000    0    1.000   1.0000          NULL 
 16.0000    1    2.000   1.0000             A
 18.0000    1    2.000   1.0000             A
 20.0000    0    1.000   1.0000          NULL 
 21.0000    3    6.000   1.0000             C
 27.0000    1    2.000   1.0000             A
 29.0000    1    2.000   1.0000             A
 31.0000    0    2.000   1.0000          NULL 
 33.0000    1    2.000   1.0000             A
 35.0000    0    5.000   1.0000          NULL 
 40.0000    1    2.000   1.0000             A
 42.0000    2    4.000   1.0000             B
 46.0000    3    6.000   1.0000             C
 52.0000    1    2.000   1.0000             A
 54.0000    0    2.000   1.0000          NULL 
 56.0000    1    2.000   1.0000             A
 58.0000    0    4.000   1.0000          NULL 
 62.0000    1    2.000   1.0000             A
 64.0000    3    6.000   1.0000             C
 70.0000    1    2.000   1.0000             A
 72.0000    0    3.000   1.0000          NULL 
 75.0000    3    6.000   1.0000             C
 81.0000    0    3.000   1.0000          NULL 
 84.0000    3    6.000   1.0000             C
 90.0000    0    1.000   1.0000          NULL 
 91.0000    1    2.000   1.0000             A
 93.0000    3    6.000   1.0000             C
 99.0000    1    2.000   1.0000             A
101.0000    1    2.000   1.0000             A
103.0000    2    4.000   1.0000             B
107.0000    0    1.000   1.0000          NULL 
108.0000    3    6.000   1.0000             C
114.0000    2    4.000   1.0000             B
118.0000    0    5.000   1.0000          NULL 
123.0000    1    2.000   1.0000             A
125.0000    3    6.000   1.0000             C
131.0000    0    3.000   1.0000          NULL 
134.0000    1    2.000   1.0000             A
136.0000    0    1.000   1.0000          NULL 
137.0000    3    6.000   1.0000             C
143.0000    0    4.000   1.0000          NULL 
147.0000    2    4.000   1.0000             B
151.0000    3    6.000   1.0000             C
157.0000    0    1.000   1.0000          NULL 
158.0000    1    2.000   1.0000             A
160.0000    0    1.000   1.0000          NULL 
161.0000    1    2.000   1.0000             A
163.0000    0    6.000   1.0000          NULL 
169.0000    2    4.000   1.0000             B
173.0000    1    2.000   1.0000             A
175.0000    0    1.000   1.0000          NULL 
176.0000    1    2.000   1.0000             A
178.0000    3    6.000   1.0000             C
184.0000    0    5.000   1.0000          NULL 
189.0000    1    2.000   1.0000             A
191.0000    2    4.000   1.0000             B
195.0000    1    2.000   1.0000             A
197.0000    0    1.000   1.0000          NULL 
198.0000    2    4.000   1.0000             B
202.0000    0    2.000   1.0000          NULL 
204.0000    3    6.000   1.0000             C
210.0000    3    6.000   1.0000             C
216.0000    0    2.000   1.0000          NULL 
218.0000    2    4.000   1.0000             B
222.0000    0    6.000   1.0000          NULL 
228.0000    2    4.000   1.0000             B
232.0000    3    6.000   1.0000             C
238.0000    0    2.000   1.0000          NULL 
240.0000    3    6.000   1.0000             C
246.0000    1    2.000   1.0000             A
248.0000    1    2.000   1.0000             A
250.0000    0    3.000   1.0000          NULL 
253.0000    1    2.000   1.0000             A
255.0000    0    2.000   1.0000          NULL 
257.0000    3    6.000   1.0000             C
263.0000    0    1.000   1.0000          NULL 
264.0000    3    6.000   1.0000             C
270.0000    0    2.000   1.0000          NULL 
272.0000    1    2.000   1.0000             A
274.0000    0    1.000   1.0000          NULL 
275.0000    2    4.000   1.0000             B
279.0000    2    4.000   1.0000             B
283.0000    3    6.000   1.0000             C
289.0000    0    3.000   1.0000          NULL 
292.0000    2    4.000   1.0000             B
296.0000    0    2.000   1.0000          NULL 
298.0000    3    6.000   1.0000             C
304.0000    0    2.000   1.0000          NULL 
306.0000    2    4.000   1.0000             B
310.0000    2    4.000   1.0000             B
314.0000    0    2.000   1.0000          NULL 
316.0000    3    6.000   1.0000             C
322.0000    0    1.000   1.0000          NULL 
323.0000    1    2.000   1.0000             A
325.0000    0    2.000   1.0000          NULL 
327.0000    3    6.000   1.0000             C
333.0000    0    5.000   1.0000          NULL 
338.0000    1    2.000   1.0000             A
340.0000    1    2.000   1.0000             A
342.0000    0    1.000   1.0000          NULL 
343.0000    3    6.000   1.0000             C
349.0000    1    2.000   1.0000             A
351.0000    0    6.000   1.0000          NULL 
357.0000    3    6.000   1.0000             C
363.0000    0    1.000   1.0000          NULL 
364.0000    3    6.000   1.0000             C
370.0000    0    2.000   1.0000          NULL 
372.0000    3    6.000   1.0000             C
378.0000    0    2.000   1.0000          NULL 
380.0000    1    2.000   1.0000             A
382.0000    0    2.000   1.0000          NULL 
384.0000    1    2.000   1.0000             A
386.0000    0    1.000   1.0000          NULL 
387.0000    2    4.000   1.0000             B
391.0000    0    6.000   1.0000          NULL 
397.0000    1    2.000   1.0000             A
399.0000    0    1.000   1.0000          NULL 
400.0000    2    4.000   1.0000             B
404.0000    1    2.000   1.0000             A
406.0000    1    2.000   1.0000             A
408.0000    0    1.000   1.0000          NULL 
409.0000    2    4.000   1.0000             B
413.0000    0    5.000   1.0000          NULL 
418.0000    1    2.000   1.0000             A
420.0000    0    5.000   1.0000          NULL 
425.0000    3    6.000   1.0000             C
431.0000    0    1.000   1.0000          NULL 
432.0000    1    2.000   1.0000             A
434.0000    3    6.000   1.0000             C
440.0000    2    4.000   1.0000             B
444.0000    0    5.000   1.0000          NULL 
449.0000    1    2.000   1.0000             A
451.0000    3    6.000   1.0000             C
457.0000    0    2.000   1.0000          NULL 
459.0000    3    6.000   1.0000             C
465.0000    1    2.000   1.0000             A
467.0000    1    2.000   1.0000             A
469.0000    0    5.000   1.0000          NULL 
474.0000    3    6.000   1.0000             C
