   0.0000000e+00   0.0000000e+00   0.0000000e+00   0.0000000e+00   0.0000000e+00  -0.0000000e+00
   1.8150468e-03   2.0795629e-02   2.6045114e-02   3.3641661e-05   7.0967999e-05  -1.0199153e-04
   8.8823215e-04   1.7169313e-02   1.6851193e-02   7.3925582e-04   2.4135505e-04  -6.7542784e-06
  -4.0768457e-03   1.6479331e-02   3.7456206e-04   4.2760959e-04   4.1989209e-04  -1.0980671e-05
  -1.3153489e-03   3.7547443e-02   4.3794112e-02   5.9391623e-04   4.2163322e-04  -2.7250063e-05
  -4.3525152e-03   4.0339024e-02   4.9956198e-02   1.0380859e-05   3.7757739e-04   5.4743737e-05
   2.5949829e-03   2.9040926e-02   5.2327202e-02   7.8923692e-05   6.4527879e-04   6.2607874e-05
  -3.0757344e-04   2.0823113e-02   1.1964266e-02   7.8790315e-04   4.7800459e-04   1.3393616e-04
   3.9361674e-03   4.2697358e-03  -3.7411526e-02   1.2542876e-03   3.1243440e-04   1.5437460e-04
  -3.6937173e-03  -7.2561300e-03  -7.9314109e-02   1.5864457e-03   2.0661220e-04   1.2880043e-04
   1.6468491e-03   2.6523563e-02  -6.9635031e-02   1.1854215e-03   2.6373658e-04   1.1426828e-04
  -2.5210462e-03   1.4539666e-02  -6.0758388e-02   1.1270149e-03   1.5945776e-04   1.2024417e-04
   8.9381148e-03   4.3338876e-02  -3.3343992e-02   1.3654399e-03   2.9548812e-04   3.1040023e-04
   2.6822754e-03   3.7507560e-02   1.7108832e-02   4.8642089e-04   3.8665715e-04   2.2824659e-04
   3.2367224e-03   1.8762510e-02   5.7116336e-02   1.5440717e-04   3.8364850e-04   3.2524547e-05
   6.4298515e-04   1.4505156e-02   3.4421270e-02   2.8738071e-04   4.0623055e-04   1.0779149e-05
  -1.2043913e-03   1.6550116e-02  -1.2089506e-02   4.5335104e-04   3.8001494e-04   1.6352740e-04
   4.3301890e-03   2.0238960e-02  -2.2630948e-02   6.0831673e-04   3.2991205e-04   3.2838821e-04
  -2.5984836e-04   8.0507256e-03   2.2175327e-02   7.3905967e-04   6.2599575e-04   5.7499382e-05
  -7.0057577e-03   1.5358981e-02   3.0526449e-02   3.4336556e-04   5.1426507e-04   2.0146383e-04
   5.0453603e-03   1.8573769e-02   1.8873545e-02   1.6779337e-04   2.3822996e-04   3.5652309e-04
   1.9328981e-05   1.7383636e-02   2.1444737e-03   6.7700379e-04   4.5634814e-04   3.4052447e-04
   3.5236232e-03  -1.0319394e-02  -3.7537749e-03   5.7181731e-04   4.9366114e-04   2.7621931e-04
   9.9293567e-03   2.5695465e-02  -1.4919702e-02   7.0761284e-04   5.6533399e-04   3.9638298e-04
   9.2681068e-03   1.6363733e-02   8.3609378e-03   4.8914162e-04   3.8685946e-04   5.8618362e-04
   1.3341636e-02   2.2652138e-02   3.3932849e-02   3.3103087e-04   2.7317943e-04   4.5276701e-04
   7.3126628e-03   6.4169481e-03   4.5579532e-02   1.3325715e-04   2.3368043e-04   3.5893282e-04
   9.5431147e-03  -1.2996135e-02   2.1376622e-02   2.9529253e-04   2.4563424e-04   4.5868683e-04
   8.3980802e-03  -2.1300126e-02  -7.4870021e-03   4.6624534e-04   2.0929965e-04   5.6170049e-04
   1.1997724e-02  -7.2909080e-03  -4.8025435e-02   7.9820448e-04   2.8338028e-04   4.9811827e-04
   1.5007087e-02   3.9519526e-03  -4.0408021e-02   7.1886019e-04   2.5080875e-04   5.4331170e-04
   1.3360453e-02   1.3261172e-02  -1.3761509e-02   6.3546326e-04   1.8430682e-04   5.4750413e-04
   1.0008341e-02  -5.5569345e-03  -3.1470668e-02   5.9968679e-04   3.9446028e-04   4.8799904e-04
   1.3362811e-02   1.1768015e-02  -6.1975527e-02   7.4365415e-04   4.3426077e-04   5.6799835e-04
   1.1025202e-02   1.2471459e-02  -4.0626972e-02   7.3429247e-04   2.0259623e-04   6.0531732e-04
   1.2888612e-02   2.3539642e-02  -4.4940727e-02   5.3470060e-04   3.4939074e-04   5.8890981e-04
   1.5993013e-02   1.0890214e-02   2.6789508e-03   4.7630267e-04   4.3386432e-04   5.6795106e-04
   1.2739400e-02   6.3087596e-03  -1.2739295e-02   6.7202780e-04   3.3067734e-04   4.8929881e-04
   1.1114870e-02  -1.1305030e-02   5.0607279e-03   2.6659913e-04   3.8897788e-04   4.7832137e-04
   9.9741541e-03   5.0904651e-03  -1.6998805e-02   7.8837192e-04   3.0844256e-04   4.4267617e-04
   6.7089623e-03   1.0542266e-02  -1.8658571e-02   4.0892537e-04   2.8091418e-04   4.6797360e-04
   1.4835632e-02   1.8167347e-03   2.0978440e-02   3.2146092e-04   4.1403654e-04   4.8175340e-04
   1.4800863e-02  -8.5928938e-03  -8.3010897e-03   8.6255661e-04   4.3815582e-04   4.3617377e-04
   1.3297375e-02  -2.2056930e-02  -3.7477027e-02   5.6527387e-04   3.8124883e-04   4.7869529e-04
   1.2984347e-02   8.7222083e-03  -3.4466347e-02   5.7787646e-04   2.8527035e-04   5.4373374e-04
   1.3864198e-02   4.2493346e-03  -1.4873126e-02   2.6073352e-04   3.3088267e-04   4.5723774e-04
   1.4863875e-02   2.3533855e-02  -3.0523659e-03   1.3189287e-04   3.7440546e-04   6.4802857e-04
   8.5797454e-03   9.8979235e-03   1.0991435e-02   6.7246699e-04   4.6560689e-04   4.8252036e-04
   6.3737784e-03  -4.5656882e-04   1.0876510e-02   5.3165168e-04   5.6188769e-04   5.8089267e-04
   8.2532492e-03  -1.9319176e-02  -5.5755454e-04   5.3332667e-04   4.1776730e-04   5.8688734e-04
   1.3036817e-02  -1.3865272e-02  -3.1656804e-03   2.5344127e-04   1.4285734e-04   6.1145573e-04
   1.1122394e-02  -1.3562638e-02  -9.2822872e-03   6.8359030e-04   2.6885470e-04   4.9736524e-04
   6.4624065e-03  -2.4265773e-02  -3.9184956e-03   8.5049056e-04   3.4765399e-04   5.6268715e-04
   1.8131467e-02  -2.3460153e-02  -3.8832971e-02   8.1093754e-04   1.9063444e-04   7.5940905e-04
   1.2332211e-02  -1.3415365e-02  -1.2329146e-02   7.4991205e-04   3.9523837e-04   6.9993517e-04
   3.6555737e-03   5.4394700e-03  -8.9163122e-03   6.1980127e-04   3.8291798e-04   6.4827474e-04
   9.5829087e-03   3.2042717e-04  -3.2955340e-02   4.6944026e-04   4.0860946e-04   6.1728505e-04
   4.7685759e-03   1.2351969e-03  -1.5334362e-02   3.1354203e-04   3.3176482e-04   6.4277966e-04
   1.3878923e-02  -6.6238691e-03  -8.3665953e-03   8.8717163e-04   4.1511665e-04   6.4496797e-04
   9.8553256e-03  -1.6019355e-02  -5.9473538e-03   6.0580910e-04   4.8104077e-04   7.0831228e-04
   1.7851493e-02  -1.6459358e-02  -1.2834036e-03   5.8658691e-04   3.0253630e-04   8.1537392e-04
   1.3363109e-02  -2.8003326e-02   2.3942871e-02   5.6418912e-04   2.6149238e-04   8.2104525e-04
   9.9096118e-03  -1.7688206e-02   1.8045156e-02   3.5797262e-04   1.0662051e-04   8.0119687e-04
   1.8297335e-02  -2.2449635e-02  -6.8183611e-03   6.9434892e-04   3.0547296e-04   8.7076143e-04
   1.3741497e-02  -3.1430066e-02  -1.1716037e-02   8.5486278e-04   1.5702544e-04   8.2392175e-04
   1.2452199e-02  -3.1507009e-02  -3.5640770e-02   5.4335091e-04   3.3775805e-04   8.2748718e-04
   1.7829247e-02  -8.7732646e-03  -3.6321513e-02   7.5538594e-04   3.5614502e-04   8.7736416e-04
   1.6291883e-02   8.2004128e-04  -3.1853657e-02   1.1594105e-03   3.5095470e-04   8.5094647e-04
   1.7050826e-02  -6.8889776e-03  -2.4873708e-02   7.4327866e-04   2.9290915e-04   9.0940210e-04
   1.4771740e-02  -8.9483052e-03  -5.3300062e-03   6.7537748e-04   9.2198493e-05   7.9304942e-04
   1.2191696e-02  -3.7079661e-02  -4.0359917e-03   6.9577720e-04   4.0459302e-04   7.7677689e-04
   1.3783178e-02  -3.4854400e-02   6.2638334e-03   4.0879489e-04   2.6867303e-04   7.4014915e-04
   1.5961431e-02  -2.6358690e-03   1.8509751e-02   4.7619373e-04   4.1718066e-04   9.8612230e-04
   2.3260684e-02  -9.6933285e-03   2.2733704e-02   2.3440790e-04   4.8913041e-04   1.0432988e-03
   1.5630739e-02   8.2787479e-03  -8.7330273e-03   8.3133198e-04   5.9554695e-04   9.2754317e-04
   1.7279714e-02   9.9279448e-03   5.2932684e-03   5.5659858e-04   2.6804755e-04   8.5022990e-04
   2.1885763e-02   1.4107856e-02   2.1245681e-02   5.2241249e-04   3.6168805e-04   1.0217898e-03
   1.3722471e-02   6.1962107e-03  -1.9531505e-02   8.5457334e-04   5.0460641e-04   9.7335352e-04
   1.9052525e-02   1.8044522e-02  -2.8166098e-02   8.6016864e-04   3.7098421e-04   1.1666101e-03
   2.1745071e-02   2.2484966e-02   9.3654517e-03   7.3467514e-04   6.3805106e-04   1.0095172e-03
   1.6874775e-02  -2.0118352e-02   3.1816902e-02   6.6200900e-04   5.0113427e-04   9.0673700e-04
   1.4572310e-02  -1.3341854e-02  -1.7037580e-02   8.3255606e-04   2.8814368e-04   9.9674474e-04
   2.1243735e-02  -3.6386362e-04  -3.2732329e-02   6.9940100e-04   2.5186291e-04   1.2349558e-03
   2.8374358e-02  -5.4790776e-03  -3.4647564e-03   5.0530726e-04   3.6190818e-04   1.1509293e-03
   3.0516553e-02   1.6696303e-03  -2.6485696e-03   4.4976202e-04   2.4872708e-04   1.3007111e-03
   3.3360766e-02  -2.9006644e-03   2.0265700e-02   6.2009831e-04   5.7115901e-04   1.2496523e-03
   2.3042453e-02   1.4644068e-02   1.8194289e-02   7.5886698e-04   5.1764567e-04   1.1983512e-03
   1.8980027e-02   9.0402310e-03  -1.3393799e-02   5.2869185e-04   3.0274670e-04   1.1386668e-03
   2.6771498e-02  -1.7846520e-03  -3.7363333e-02   1.2109956e-03   1.7716349e-04   1.1841923e-03
   3.6374341e-02  -1.4772136e-02  -4.4735527e-02   9.5880393e-04   4.2279171e-04   1.4001594e-03
   2.7753972e-02   7.9793996e-03  -2.4704646e-03   9.6770464e-04   2.9352063e-04   1.1771148e-03
   3.5827671e-02   2.0837527e-02  -2.0072411e-03   3.1125734e-04   3.3673661e-04   1.2303662e-03
   3.3896767e-02   1.7160111e-02   1.8450243e-02   4.7074446e-04   3.1188704e-04   1.2223513e-03
   2.8674836e-02  -1.5511219e-03   7.7505491e-03   9.3725708e-04   4.5780164e-04   1.1559268e-03
   3.0813503e-02  -4.5155455e-03  -1.4391216e-02   9.4491717e-04   4.6041978e-04   1.1858381e-03
   2.5432563e-02   1.7384436e-03  -2.4659539e-02   9.8035481e-04   3.6837018e-04   1.2966250e-03
   1.8972474e-02  -4.7493241e-03  -2.8767270e-02   7.0784451e-04   3.0353852e-04   1.1946254e-03
   3.1584557e-02   8.4695281e-03  -1.6453394e-02   8.7545790e-04   2.3779561e-04   1.2066126e-03
   3.3059882e-02   5.2915206e-03  -2.7351743e-03   7.1345847e-04   3.2418504e-04   1.3285704e-03
   2.9227909e-02   1.0627257e-02  -1.7517102e-02   7.2804485e-04   3.7464158e-04   1.2968716e-03
   3.4609495e-02   1.6656236e-02   6.6530972e-03   7.0392337e-04   2.6528938e-04   1.3473754e-03
   3.2054411e-02   1.2622167e-02   1.9920539e-02   4.1767470e-04   2.2754028e-04   1.4034031e-03
   3.4364920e-02   9.1131705e-03   3.4482041e-02   4.5677338e-04   3.4190534e-04   1.3654898e-03
   2.8746554e-02  -1.7983296e-02   1.8409711e-05   7.9303516e-04   3.4503782e-04   1.3025343e-03
   3.5141231e-02  -1.4351593e-02  -2.3362901e-02   1.1231677e-03   3.6936819e-04   1.4185324e-03
   3.5332566e-02   1.4473503e-02  -1.8908427e-02   1.1437272e-03   2.5241305e-04   1.3886399e-03
   3.4130870e-02   1.1523319e-02   3.9330099e-03   7.0272684e-04   1.5075929e-04   1.4156691e-03
   3.4286626e-02   2.7501385e-02   4.2412462e-03   6.2384420e-04   1.8935111e-04   1.5128834e-03
   4.3275776e-02  -9.9261469e-03   2.5853526e-04   9.3231394e-04   7.0317012e-05   1.5571361e-03
   3.9608904e-02  -1.5327694e-02   7.7011170e-04   6.7202231e-04   1.9091172e-04   1.4784922e-03
   3.5436852e-02  -1.3956284e-02   1.8234826e-02   8.1577889e-04   2.2192235e-04   1.3055586e-03
   4.3085075e-02   7.9589416e-03  -1.0297458e-02   7.0015698e-04  -8.1912025e-05   1.4956371e-03
   3.5646973e-02   2.6632495e-02  -7.4511596e-03   9.3009553e-04   1.6984349e-04   1.3547120e-03
   3.7499769e-02   1.1633743e-02  -2.6626580e-02   1.2042176e-03   1.4621786e-04   1.4925842e-03
   3.7927296e-02  -2.1902066e-03  -8.4266797e-03   1.0996052e-03   2.9634017e-04   1.4087169e-03
   2.9625345e-02   7.2312059e-04  -7.5346475e-03   9.5554048e-04   2.2988895e-04   1.3088166e-03
   3.0641210e-02   1.4211193e-04   2.7045299e-03   9.7414124e-04   2.2409265e-04   1.5404774e-03
   3.7896400e-02   1.6666148e-02  -4.0571389e-04   5.0719270e-04   1.6684334e-04   1.5299574e-03
   3.8526403e-02   7.1615479e-03   1.4947748e-02   6.8348530e-04   2.0123168e-04   1.5363316e-03
   4.6236982e-02   4.7370661e-03   2.0976626e-02   8.6327291e-04   3.6698131e-04   1.6452429e-03
   4.2312049e-02  -3.7849013e-03   8.1359650e-03   9.7289254e-04   3.5212294e-04   1.5218435e-03
   3.6600072e-02   1.1644621e-02   3.3036861e-04   9.5704807e-04   2.0332324e-04   1.5817648e-03
   4.0335470e-02   2.3577103e-02  -2.0626610e-02   1.1539044e-03   2.6112670e-04   1.6493897e-03
   4.3858031e-02  -7.4002902e-03  -2.6348962e-03   8.4479027e-04   3.7613946e-04   1.6210659e-03
   4.0437164e-02   9.1301309e-03   3.0928517e-03   7.0882279e-04   3.6781442e-04   1.7295533e-03
   4.2824761e-02   1.2622134e-02  -1.5859126e-02   8.4700683e-04   1.9106565e-04   1.6540797e-03
   4.9682233e-02   2.3077416e-02  -6.6129517e-03   8.9163655e-04   2.0951738e-04   1.7164752e-03
   4.9019755e-02  -3.2772105e-03   1.4420922e-02   1.2125983e-03   2.7978476e-04   1.5708912e-03
   4.5157604e-02  -9.5919995e-03   4.0720548e-02   2.5656686e-04   3.7086356e-04   1.5494197e-03
   4.5892914e-02  -1.4862092e-02   3.3079984e-02   6.9251229e-04   4.5467247e-04   1.6577028e-03
   3.8079937e-02  -2.3685023e-02   2.0757532e-03   2.7177793e-04   1.9019598e-04   1.6439545e-03
   4.3615810e-02  -1.1037818e-02  -1.8287693e-02   1.5068730e-03  -3.5438107e-05   1.6386117e-03
   4.7316874e-02  -3.1634223e-02  -1.6335734e-02   1.0663245e-03   2.8569392e-04   1.7872020e-03
   4.6037235e-02  -2.5707411e-02   2.4392926e-02   6.3026884e-04   1.7254362e-04   1.7249146e-03
   4.4680827e-02  -3.3132009e-02   3.0834535e-02   3.7849200e-04   2.1129040e-04   1.7253524e-03
   4.2178247e-02   2.5688960e-03   2.1583591e-02   4.0953771e-04   1.0545542e-04   1.8245523e-03
   4.4448634e-02  -1.3517161e-03   1.8094878e-02   4.1325565e-04   3.5004247e-04   1.6905520e-03
   4.4335687e-02  -7.3434719e-03  -6.3621272e-03   1.2094561e-03   1.3396702e-04   1.7828611e-03
   3.8270723e-02   1.2387579e-02  -2.6162407e-02   9.4117404e-04   1.7094226e-04   1.6691715e-03
   4.1537452e-02   1.9635455e-02  -1.4764971e-02   8.8280016e-04  -8.0932189e-05   1.7961369e-03
   4.9390493e-02  -4.5238246e-03   1.0548539e-02   3.6932252e-04   1.3749067e-05   1.9349886e-03
   3.9601273e-02  -5.5047223e-04   3.5326507e-02   5.6545703e-04  -3.1015609e-05   1.7435587e-03
   4.2182657e-02  -6.4383047e-03   4.3553404e-02   4.4531469e-04   6.9098999e-05   1.7982313e-03
   4.0877702e-02  -6.3488541e-03   3.0711800e-02   6.6540878e-04   1.9716872e-04   1.8673820e-03
   3.9502876e-02  -2.8369250e-02   1.8559487e-02   1.1288385e-03   8.1050373e-05   1.8440004e-03
   4.0894349e-02  -2.2183459e-02   9.8464885e-03   8.3008057e-04  -2.0310909e-06   1.8067252e-03
   3.3792674e-02  -3.0894251e-02   2.0972065e-02   1.1281841e-03   2.9127050e-04   1.6437674e-03
   4.3979763e-02  -3.3697646e-02   1.6598095e-02   7.7764898e-04  -1.9473349e-04   1.7511190e-03
   3.7706212e-02  -9.0491212e-03  -1.3246405e-02   8.6364066e-04  -4.7449809e-06   1.7458331e-03
   4.6416466e-02   3.2071433e-03  -6.7202945e-03   8.0753318e-04   7.3658349e-05   1.9708646e-03
   5.4254223e-02  -2.4455347e-04  -8.2658882e-03   5.3085660e-04  -2.7753073e-04   2.0198955e-03
   5.2940408e-02   1.0178554e-02   2.4804991e-02   4.4703458e-04  -1.5634034e-04   1.9001339e-03
   4.7475755e-02   4.7209328e-04   1.7699839e-02   7.3351990e-04   8.7950037e-05   1.8107341e-03
   5.5074011e-02  -1.3130944e-02   1.6674428e-02   3.6950912e-04   4.0237937e-05   2.0426963e-03
   4.6315923e-02  -1.3740089e-02  -9.5834781e-03   1.0478506e-03  -1.8277475e-04   1.8899749e-03
   4.5609730e-02  -1.1512184e-02  -1.8906797e-02   1.2518098e-03  -2.0203819e-04   1.8845943e-03
   4.4667882e-02   8.0810114e-03  -3.4077263e-02   1.0841006e-03  -2.8723615e-04   1.9299709e-03
   4.5114889e-02  -2.0254212e-02  -1.1663909e-03   1.2244784e-03  -3.4198319e-05   1.8698120e-03
   3.9273921e-02  -5.7281203e-03   3.0922072e-02   4.7617825e-04  -2.5931996e-05   1.7472937e-03
   4.8719446e-02  -6.2229365e-03   2.5588479e-02   7.3823958e-04  -1.6658662e-04   2.0764996e-03
   4.9371492e-02  -1.5806865e-02   3.6826756e-02   6.6145114e-04  -1.6907319e-04   1.9290507e-03
   5.4680396e-02   2.6598250e-03   3.3120377e-02   7.0251701e-04  -8.7294203e-05   1.8781330e-03
   5.7107703e-02  -2.1889312e-02   3.1556686e-02   6.2351370e-04  -2.6193762e-05   2.0313572e-03
   6.0009340e-02  -2.1094797e-02  -8.3933200e-03   6.6971407e-04  -4.8759291e-05   2.3355889e-03
   5.1259436e-02   1.1676632e-02  -3.8185845e-02   1.2488695e-03  -2.3018125e-04   2.1958994e-03
   5.4149703e-02   2.3978320e-02  -3.2707839e-02   7.4877226e-04  -2.0262414e-04   2.0905051e-03
   5.4800757e-02   2.2636029e-02  -1.6047632e-02   9.1676341e-04  -1.6778536e-04   2.0411439e-03
   5.3913031e-02   1.8844887e-02  -6.6123208e-03   7.9881977e-04  -1.2387538e-04   2.0833267e-03
   5.0713918e-02   7.4552214e-04  -6.9463467e-04   7.8195260e-04  -1.0999586e-04   2.1143691e-03
   5.1801238e-02   1.1466152e-02   6.8033620e-03   9.5896128e-04  -7.7993428e-07   2.0509381e-03
   4.8892380e-02   1.4160950e-03  -1.9492434e-03   8.7870147e-04  -2.3460775e-04   1.9990098e-03
   4.8859473e-02  -1.1441405e-02  -1.1710720e-02   7.9693737e-04  -2.8554211e-04   1.9777943e-03
   4.6378753e-02  -2.9789228e-04   5.7236006e-03   5.6096239e-04  -2.8412933e-04   2.0107997e-03
   4.2833092e-02  -3.1701563e-03   1.7878107e-03   9.3946557e-04  -1.5260074e-04   1.9875603e-03
   4.7731930e-02  -1.5930201e-02   4.7054581e-04   9.1188563e-04  -1.4871349e-04   2.0348812e-03
   4.5195283e-02   9.1106574e-03   3.1261925e-02   6.5923039e-04  -1.0290452e-04   2.0583144e-03
   4.9096639e-02   5.8777016e-03   3.0209059e-02   6.2351482e-04  -6.7470557e-05   2.0693516e-03
   5.1006069e-02  -6.4647344e-03   7.8764383e-03   8.0040378e-04  -6.1000100e-05   1.9029121e-03
   5.7514368e-02   9.9159832e-03  -2.5755149e-02   1.4844015e-03  -1.4337365e-04   2.0666593e-03
   5.5351744e-02   5.9382047e-03   2.0275583e-02   6.4757562e-04  -1.5233809e-04   2.1491113e-03
   5.5870103e-02   1.5134664e-02   3.1912409e-02   8.2666534e-04  -6.5935152e-05   2.2161374e-03
   4.8343266e-02  -4.1281440e-03   2.1758457e-02   5.7867399e-04  -2.3138177e-04   2.0155817e-03
   4.9927251e-02   4.0286413e-03   1.8141698e-02   5.8920396e-04  -4.2651052e-04   2.0797175e-03
   5.7359041e-02  -4.2489306e-02   3.5492641e-02   6.5116089e-04  -4.4320518e-04   2.1199125e-03
   5.3803773e-02  -3.8693191e-02   4.6396903e-02   8.0549390e-04  -1.9398875e-04   2.0605906e-03
   4.7821861e-02  -3.3747815e-02   1.6882634e-02   7.2038099e-04  -2.8018415e-04   1.8956330e-03
   5.4598822e-02  -4.1517156e-03  -1.4960729e-02   9.5670817e-04  -3.5139673e-04   2.1358797e-03
   5.9363153e-02  -2.2217231e-02   1.2973532e-03   1.0283536e-03  -3.1347094e-04   2.0711623e-03
   6.0002251e-02  -2.7887759e-02  -1.6483113e-02   7.7722224e-04  -4.4208989e-04   2.1614593e-03
   5.1172527e-02  -5.5518413e-03   4.6852462e-03   8.4221643e-04  -2.6145767e-04   2.0253798e-03
   5.8129240e-02   7.3547962e-03  -9.6240655e-04   6.3989850e-04  -2.3329631e-04   2.2460027e-03
   5.3712997e-02   2.6423586e-05  -8.0441671e-04   9.1883819e-04  -2.5468306e-04   2.0591571e-03
   5.9104492e-02  -5.6148168e-03   2.7647934e-02   5.1513718e-04  -2.6230536e-04   2.1341448e-03
   6.2872947e-02  -1.4536786e-02   2.2325485e-02   3.9661861e-04  -3.6436258e-04   2.2477264e-03
   6.0114616e-02  -3.2711741e-02   7.7241117e-03   1.0518206e-03  -5.7655632e-04   2.1659288e-03
   5.9964496e-02  -7.0451660e-03  -1.8480876e-02   9.3756220e-04  -5.6213512e-04   2.1916474e-03
   6.2598596e-02  -1.9401611e-02   1.4320035e-02   3.5360585e-04  -3.9417446e-04   2.1725184e-03
   5.5020222e-02   2.3118172e-03   2.6036109e-02   7.2553716e-04  -4.5184180e-04   2.0111801e-03
   5.3786809e-02  -7.6981851e-03  -1.2150807e-02   9.8995704e-04  -3.4092126e-04   2.1158218e-03
   5.9875382e-02   6.2723787e-03  -1.9925793e-02   8.2891708e-04  -4.4131121e-04   2.1966219e-03
   5.9178133e-02  -4.6759006e-04   4.8971544e-03   9.4222657e-04  -3.4739176e-04   2.2517178e-03
   6.6502313e-02  -4.1473855e-03   2.8219807e-02   6.4028021e-04  -1.5433728e-04   2.2936196e-03
   5.6752635e-02   2.0196776e-03   2.5138811e-02   4.6251876e-04  -3.1270127e-04   2.2257055e-03
   5.3186397e-02  -7.7180869e-03   3.0154786e-02   2.8659815e-04  -5.7506563e-04   2.1049929e-03
   5.3543047e-02  -1.3754611e-02   1.8252705e-02   6.9280170e-04  -4.0320018e-04   2.0333867e-03
   5.8860255e-02  -2.0867672e-02   1.7784542e-02   8.9608243e-04  -3.7704832e-04   2.1486911e-03
   5.6092757e-02  -1.5559278e-02   3.4122103e-02   9.2044264e-04  -1.1622494e-04   2.1129906e-03
   6.0977138e-02  -1.1829025e-02   1.9288774e-02   8.1698937e-04  -2.6620262e-04   2.3469999e-03
   5.7873994e-02  -1.4077457e-02   1.7391604e-02   9.3742749e-04  -4.9684064e-04   2.2257660e-03
   5.3721458e-02  -5.1179737e-03   2.2678177e-02   6.7571273e-04  -3.7850438e-04   2.1277780e-03
   5.6371843e-02  -1.0469073e-02   2.1343159e-02   1.1245506e-03  -4.0151700e-04   2.0778788e-03
   5.0372156e-02   1.3756487e-03  -1.4567238e-02   6.9584422e-04  -4.1424449e-04   2.0365446e-03
   5.8664423e-02  -1.1095334e-02   1.6712792e-03   9.9338020e-04  -4.1898893e-04   2.0747250e-03
   5.9186113e-02  -2.2536817e-02   1.5242304e-02   1.0985633e-03  -2.5582375e-04   2.0375962e-03
   4.6349385e-02  -2.4188801e-02   1.8296867e-02   1.0103550e-03  -2.3868520e-04   1.9074527e-03
   4.6531605e-02  -1.3391995e-02   2.0524476e-02   6.5335721e-04  -3.4189859e-04   1.7806409e-03
   4.3982648e-02  -4.1323216e-02  -1.0784669e-03   9.9982944e-04  -5.5685686e-04   1.9200700e-03
   4.3148977e-02  -5.9152703e-02   1.7721873e-02   9.5321382e-04  -5.1527145e-04   1.8445222e-03
   4.7180676e-02  -6.5610469e-02   5.5444569e-02   4.8333345e-04  -3.7774528e-04   1.7006011e-03
   5.0313262e-02  -7.3477625e-02   4.3461360e-02   7.2473379e-04  -5.3081984e-04   1.8673690e-03
   4.7215572e-02  -5.2751547e-02   1.5078633e-02   8.6363623e-04  -5.4700511e-04   1.9357272e-03
   4.3006169e-02  -2.4799417e-02  -2.0028189e-02   1.4765857e-03  -3.9942838e-04   1.9612142e-03
   5.3567430e-02  -4.7385808e-02  -2.1979109e-02   1.4683142e-03  -6.3721167e-04   1.9706477e-03
   5.0622826e-02  -5.3252531e-02  -9.2777344e-03   1.1366476e-03  -2.9435687e-04   1.9986102e-03
   4.9162447e-02  -2.7707068e-02   6.0413617e-03   9.7882548e-04  -4.8077624e-04   1.9845189e-03
   5.1557291e-02  -9.2012390e-03   2.1518346e-02   6.5962459e-04  -4.5422177e-04   1.9466817e-03
   4.8973629e-02  -5.5909929e-04   2.4547246e-02   1.0230271e-03  -2.9676995e-04   1.9091183e-03
   5.7799921e-02  -4.2373395e-02  -7.6851004e-03   1.0202491e-03  -5.6718770e-04   2.0740985e-03
   5.7172907e-02  -2.0802289e-02  -1.1379870e-02   1.0304702e-03  -4.3085249e-04   1.9968755e-03
   5.6200707e-02  -2.6963149e-02   1.6284109e-02   9.7385614e-04  -3.2275538e-04   1.9688932e-03
   5.4678846e-02  -2.7205504e-02   1.8217162e-02   7.0336627e-04  -5.4609233e-04   2.0744375e-03
   5.9419253e-02  -4.3791222e-02   4.7352732e-03   8.8495359e-04  -6.8892826e-04   2.1995809e-03
   4.9144096e-02  -3.7095512e-02  -3.3601917e-02   1.0377324e-03  -7.1496185e-04   1.9183667e-03
   4.6597104e-02  -1.3397062e-02   2.4769599e-03   9.4920795e-04  -4.8316171e-04   1.7618799e-03
   5.2418189e-02  -9.5377949e-03  -3.4988038e-04   8.3550997e-04  -5.8210671e-04   1.8793567e-03
   4.9765979e-02  -3.3088510e-02   2.1493205e-04   9.7552443e-04  -8.9578361e-04   1.7985965e-03
   4.3737689e-02  -4.2572693e-02  -6.2275311e-03   9.5060427e-04  -7.6439043e-04   1.7494546e-03
   5.5700310e-02  -5.1487055e-02   1.8243842e-02   8.0758903e-04  -6.0204979e-04   1.9946868e-03
   4.9493663e-02  -2.7688920e-02   4.0771528e-02   7.8588525e-04  -4.6684270e-04   1.8834678e-03
   4.6449077e-02  -4.4748676e-02   2.1342382e-02   1.1909225e-03  -4.6797991e-04   1.8708069e-03
   4.7507142e-02  -2.2560527e-02   4.9503959e-03   1.0997913e-03  -6.8432810e-04   1.9929494e-03
   5.4841961e-02  -2.6347322e-02   1.6464199e-02   9.4286818e-04  -6.2368571e-04   1.9327598e-03
   3.7767822e-02  -2.5353258e-02   3.6544061e-02   9.2161005e-04  -6.6481059e-04   1.6505140e-03
   4.2206913e-02  -2.9378996e-02   1.5302668e-02   1.4109118e-03  -6.6008738e-04   1.6993608e-03
   4.6038858e-02  -4.3987413e-02   1.9044732e-02   1.3221418e-03  -5.7377710e-04   1.6776374e-03
   5.2866485e-02  -4.9248772e-02   4.1575007e-02   9.3360384e-04  -6.5155250e-04   1.9305265e-03
   5.5940383e-02  -6.2771495e-02   2.6163525e-02   1.2447665e-03  -6.4143090e-04   1.9015919e-03
   4.7635242e-02  -3.8041266e-02  -1.9356698e-02   1.5221586e-03  -7.0575722e-04   1.8428082e-03
   5.1614771e-02  -6.4771636e-02  -1.7860310e-02   1.4379647e-03  -8.1592651e-04   1.8003956e-03
   5.1206026e-02  -2.3798249e-02  -4.1908365e-02   1.4391562e-03  -7.5918012e-04   1.9300257e-03
   4.5141929e-02  -3.7919628e-02  -5.3841384e-03   1.3787149e-03  -8.9662003e-04   1.6200054e-03
   4.2947311e-02  -5.1331613e-02   4.4026585e-03   1.5132477e-03  -6.4274003e-04   1.6806356e-03
   4.4772096e-02  -3.7630342e-02   1.0855439e-02   1.2445928e-03  -6.1753978e-04   1.6580534e-03
   4.5968076e-02  -3.6259269e-02  -1.1679406e-02   1.3934592e-03  -6.1419658e-04   1.6640216e-03
   4.8976688e-02  -5.5250197e-02   6.9778610e-03   1.5076123e-03  -7.5973070e-04   1.6391932e-03
   4.6990513e-02  -5.4632809e-02   6.5033039e-03   1.3791369e-03  -7.1553823e-04   1.8029210e-03
   4.5927808e-02  -4.9959228e-02   5.3008290e-03   1.4661666e-03  -7.0513416e-04   1.6744656e-03
   4.8580893e-02  -4.8828419e-02  -1.9308044e-02   1.6900591e-03  -7.4522528e-04   1.7916381e-03
   5.7414359e-02  -4.1002128e-02  -3.4234399e-02   1.4972050e-03  -7.3675823e-04   1.9252792e-03
   5.9548346e-02  -1.0768138e-02  -1.8629117e-02   1.3294284e-03  -7.4306170e-04   1.9169829e-03
   5.8659521e-02  -1.9774037e-02   4.2774839e-03   1.3963678e-03  -5.3460697e-04   1.8003730e-03
   5.6110476e-02  -3.1676262e-02   1.5619491e-02   1.2043219e-03  -6.4212882e-04   1.8366478e-03
   5.5164304e-02  -2.1370634e-02  -7.2734809e-03   1.7289818e-03  -5.8718080e-04   1.9997319e-03
   5.3750407e-02  -4.6988763e-02  -1.6765440e-02   1.6396993e-03  -9.2131435e-04   1.7404873e-03
   4.7629106e-02  -5.3449546e-02  -1.0883241e-03   1.5665238e-03  -7.9990828e-04   1.6057254e-03
   4.5369551e-02  -5.1299613e-02  -6.7363234e-02   2.0943241e-03  -8.2592180e-04   1.5544624e-03
   4.1828939e-02  -5.3100198e-02  -6.5995534e-02   1.6406149e-03  -7.3672391e-04   1.4755204e-03
   4.1812192e-02  -1.9273793e-02  -3.0810012e-02   1.1723463e-03  -8.8696933e-04   1.4173135e-03
   4.2881636e-02  -1.6981330e-02   2.2034981e-03   1.4425200e-03  -8.8910809e-04   1.6204524e-03
   4.0717109e-02  -2.6054375e-02  -1.5475487e-02   1.5314889e-03  -8.8561457e-04   1.5439694e-03
   4.1833817e-02  -6.0998123e-02  -7.1071978e-03   1.7012606e-03  -7.6406877e-04   1.5001969e-03
   4.6882153e-02  -5.1560880e-02  -4.8186083e-02   1.9792167e-03  -7.8270353e-04   1.6418119e-03
   4.4575512e-02  -1.4942046e-02  -4.9771380e-02   1.8964157e-03  -8.5276525e-04   1.7092005e-03
   4.6987306e-02  -3.8608896e-02  -2.4128308e-02   1.5429031e-03  -9.3247202e-04   1.5991670e-03
   5.0040707e-02  -4.3986152e-02   1.7366564e-03   1.4334615e-03  -6.9943308e-04   1.5876752e-03
   5.3947245e-02  -4.1333954e-02  -2.2267795e-02   1.1906553e-03  -1.0099623e-03   1.7474922e-03
   4.9558942e-02  -5.3470163e-02  -2.1239597e-02   1.5794905e-03  -1.1438204e-03   1.5672534e-03
   4.8874065e-02  -6.0206243e-02  -1.6699057e-02   1.6305403e-03  -9.3471984e-04   1.5835682e-03
   5.1003281e-02  -3.5662216e-02  -4.8697275e-03   1.5665398e-03  -8.5435814e-04   1.6364551e-03
   5.3466109e-02  -3.0495878e-02  -7.7712924e-03   1.4459527e-03  -8.2704175e-04   1.5079469e-03
   4.9251600e-02  -4.5369920e-02  -1.5865396e-02   1.5643938e-03  -9.3242268e-04   1.7094790e-03
   5.1959950e-02  -3.9516825e-02  -2.4710932e-02   1.7135156e-03  -9.4960680e-04   1.5879284e-03
   5.1153223e-02  -5.5381518e-02  -2.1599163e-02   1.4544544e-03  -1.0702074e-03   1.5684695e-03
   4.4025353e-02  -3.9618614e-02  -2.8054053e-02   1.3612242e-03  -9.0505822e-04   1.4732912e-03
   5.0048092e-02  -3.3823391e-02  -2.6170980e-02   1.2890363e-03  -1.1961914e-03   1.6578732e-03
   5.0201032e-02  -2.3245921e-02  -1.5248536e-02   1.6492786e-03  -8.8770818e-04   1.6489678e-03
   5.2740150e-02  -4.2743769e-02  -4.3428396e-03   1.4975039e-03  -7.8573050e-04   1.6370819e-03
   4.5446010e-02  -2.1212904e-02  -5.0387344e-02   1.7192905e-03  -9.7787348e-04   1.6432007e-03
   4.8195788e-02  -5.6807318e-03  -5.4903081e-02   1.3316898e-03  -1.0921896e-03   1.6526246e-03
   5.3150604e-02  -1.9183963e-02  -2.6180618e-02   1.8204689e-03  -1.0715616e-03   1.4998248e-03
   5.1165948e-02  -2.6384605e-02  -5.8305470e-03   1.4529075e-03  -1.0254499e-03   1.5105316e-03
   4.4708887e-02  -1.6685191e-02  -3.2923032e-03   1.1693435e-03  -1.0449429e-03   1.5144026e-03
   4.6514382e-02  -7.3288586e-03  -1.3581147e-02   1.1376736e-03  -1.1301312e-03   1.6139970e-03
   5.5160918e-02  -5.6959630e-03  -4.2347966e-03   1.7598455e-03  -1.0369453e-03   1.6133346e-03
   5.9154930e-02  -1.6993376e-02  -8.8107686e-03   1.6438718e-03  -1.0254747e-03   1.7248711e-03
   5.8080734e-02  -2.2913860e-02  -2.7289878e-03   1.6832118e-03  -1.0152073e-03   1.7207847e-03
   5.6730519e-02  -1.0510554e-02  -2.2109736e-02   1.4909772e-03  -1.1290921e-03   1.6835073e-03
   4.7819533e-02  -8.7388749e-03  -3.7677633e-02   1.8196069e-03  -1.2754796e-03   1.5681862e-03
   4.9761186e-02  -2.7874662e-02  -3.4751908e-02   2.1672773e-03  -1.0571574e-03   1.5955078e-03
   5.0087510e-02  -3.3267536e-02  -3.3890515e-02   1.6281445e-03  -8.5386290e-04   1.5382658e-03
   4.5318596e-02  -2.9555594e-02  -3.0489517e-02   1.3495285e-03  -8.7120713e-04   1.5646385e-03
   4.8222774e-02  -1.9071864e-02  -2.1583440e-02   1.9728756e-03  -1.1955519e-03   1.5393994e-03
   4.7312688e-02  -2.3198377e-02  -3.8068123e-02   1.7244832e-03  -1.3905258e-03   1.5919296e-03
   5.1159776e-02  -3.7043566e-02  -2.2656659e-02   2.2936182e-03  -1.0100527e-03   1.5860579e-03
   4.7913154e-02  -2.7542234e-02  -6.0287858e-02   2.1964110e-03  -9.2147343e-04   1.5372486e-03
   4.8574357e-02  -1.4605929e-02  -8.9841123e-02   2.0333366e-03  -1.4618663e-03   1.5798192e-03
   4.4195990e-02  -8.0950067e-03  -7.0986112e-02   2.4529084e-03  -1.2541254e-03   1.6538813e-03
   5.1905346e-02  -8.4042810e-03  -9.2135942e-03   1.5882636e-03  -9.2186228e-04   1.5143810e-03
   5.6537356e-02   1.3405038e-03   1.8389816e-03   1.6315328e-03  -9.1610628e-04   1.6917059e-03
   5.6633542e-02  -1.1212136e-02  -1.1487296e-02   1.2876546e-03  -1.1853876e-03   1.7922501e-03
   5.1522668e-02  -6.3705665e-03  -8.5302786e-03   1.8467695e-03  -1.1405298e-03   1.5854642e-03
   4.8114188e-02  -2.4970430e-02   1.0509725e-03   2.0766414e-03  -8.8692523e-04   1.5294384e-03
   3.6650792e-02  -2.8713384e-02  -1.8430292e-02   1.7243715e-03  -1.2114114e-03   1.5408729e-03
   4.5173773e-02  -2.0912792e-02  -3.9144669e-02   1.9836136e-03  -1.1596741e-03   1.5240183e-03
   4.2296798e-02  -3.3374844e-02  -1.9806551e-02   1.7799777e-03  -1.3653589e-03   1.3727551e-03
   4.9200229e-02  -1.8914693e-02  -3.5867214e-02   1.4976040e-03  -1.2871771e-03   1.4957698e-03
   5.2270205e-02   4.8614586e-03  -1.7620258e-02   1.5047910e-03  -1.1701254e-03   1.7438823e-03
   5.2764991e-02   1.3963831e-02  -2.5550126e-02   1.7197999e-03  -1.0700318e-03   1.6624334e-03
   4.7744708e-02  -1.3807683e-02  -3.0362861e-02   1.9091209e-03  -1.2068664e-03   1.6516499e-03
   4.3788921e-02  -2.0297317e-02  -7.0731573e-02   2.1608650e-03  -1.0892859e-03   1.6314488e-03
   4.6562232e-02   2.1290139e-04  -3.8082915e-02   1.4856139e-03  -9.2832540e-04   1.4854997e-03
   4.3640033e-02  -1.2655828e-03  -7.9246810e-03   1.0117556e-03  -1.2035097e-03   1.3994010e-03
   3.7077890e-02   2.0081436e-02  -2.6142045e-02   1.2418201e-03  -1.4571807e-03   1.4382350e-03
   3.3405902e-02  -2.1325148e-02  -2.3645284e-02   1.4306801e-03  -1.3250024e-03   1.3550039e-03
   3.1513378e-02  -3.7003373e-02   7.5353278e-03   1.5187117e-03  -9.6258964e-04   1.1927996e-03
   2.9663043e-02  -3.2417631e-02  -2.1655248e-02   1.6578461e-03  -1.0941908e-03   1.3426105e-03
   3.2161783e-02  -4.4289426e-02  -1.0738383e-03   1.9313209e-03  -1.2056570e-03   1.3183083e-03
   4.4415600e-02  -5.6974606e-02  -1.6547830e-02   1.5318731e-03  -1.0359777e-03   1.5087745e-03
   4.3143280e-02  -3.3049693e-02  -2.8925619e-02   1.3242578e-03  -1.2957593e-03   1.4248750e-03
   4.6973230e-02  -3.5177410e-02  -2.7457787e-02   1.7035266e-03  -1.1284047e-03   1.5683996e-03
   4.4614934e-02  -3.3734266e-02  -1.2427426e-02   1.4170547e-03  -9.4558942e-04   1.4333698e-03
   4.5510581e-02  -2.0735408e-02  -2.7725587e-02   1.3543934e-03  -1.0046210e-03   1.5918650e-03
   3.3650977e-02  -4.4025267e-02  -1.4002112e-02   1.5650286e-03  -1.2802237e-03   1.4155477e-03
   4.2540779e-02  -5.3868237e-02  -3.5696744e-02   2.1614481e-03  -9.4938604e-04   1.4440224e-03
   3.3600784e-02  -2.3607384e-02  -3.9960021e-02   1.7502377e-03  -1.0330335e-03   1.3873343e-03
   5.2651811e-02  -4.9637535e-02  -5.7162302e-02   1.8284585e-03  -1.0738662e-03   1.5882799e-03
   3.8244081e-02  -2.6264977e-02  -1.9924376e-02   1.5253945e-03  -1.0782266e-03   1.4951968e-03
   4.8266407e-02  -2.4517725e-02  -1.3876860e-02   1.6626640e-03  -8.6004322e-04   1.6011586e-03
   4.0532935e-02  -2.3807770e-02   5.4684287e-04   9.5584958e-04  -1.0400708e-03   1.2490374e-03
   6.1140733e-02  -4.1821503e-02  -3.1463212e-02   1.4414094e-03  -6.6383350e-04   1.8920726e-03
